time,from_topo,to_topo,gradient
0.05,sphere,klein_bottle,1.9774668727639253
10.050000000000008,klein_bottle,sphere,0.0
20.05000000000015,sphere,klein_bottle,0.9887333431094735
30.050000000000292,klein_bottle,sphere,0.00035256516808976584
40.04999999999986,sphere,klein_bottle,0.9885434403214143
50.049999999999294,klein_bottle,sphere,0.0007051180158472224
60.049999999998725,sphere,klein_bottle,0.9883533509883767
70.04999999999816,klein_bottle,sphere,0.0010519721555438122
80.0499999999976,sphere,klein_bottle,0.9881634482003175
90.04999999999703,klein_bottle,sphere,0.0013988140557522717
100.04999999999646,sphere,klein_bottle,0.98797335886728
110.04999999999589,klein_bottle,sphere,0.001734271552275735
120.04999999999532,sphere,klein_bottle,0.9877834560792208
130.04999999999532,klein_bottle,sphere,0.0020640314333457777
140.0499999999976,sphere,klein_bottle,0.9875933667461831
150.04999999999987,klein_bottle,sphere,0.0023880935840195436
160.05000000000214,sphere,klein_bottle,0.9874032774131456
170.05000000000442,klein_bottle,sphere,0.002712144182582582
180.0500000000067,sphere,klein_bottle,0.9872133746250864
190.05000000000896,klein_bottle,sphere,0.003036183455839283
200.05000000001124,sphere,klein_bottle,0.9870232852920489
210.0500000000135,klein_bottle,sphere,0.0033545258298414756
220.05000000001579,sphere,klein_bottle,0.9868332892315005
230.05000000001806,klein_bottle,sphere,0.0036728570575876554
240.05000000002033,sphere,klein_bottle,0.9866432931709521
250.0500000000226,klein_bottle,sphere,0.003974120937690462
260.05000000002485,sphere,klein_bottle,0.9864532038379145
270.0500000000271,klein_bottle,sphere,0.004281059731721045
280.0500000000294,sphere,klein_bottle,0.9862633010498553
290.0500000000317,klein_bottle,sphere,0.004565246475836845
300.05000000003395,sphere,klein_bottle,0.9860732117168177
310.0500000000362,klein_bottle,sphere,0.004855108491181627
320.0500000000385,sphere,klein_bottle,0.9858833089287585
330.05000000004077,klein_bottle,sphere,0.0051392751902653
340.05000000004304,sphere,klein_bottle,0.985693219595721
350.0500000000453,klein_bottle,sphere,0.005423432174598133
360.0500000000476,sphere,klein_bottle,0.9855032235351726
370.05000000004986,klein_bottle,sphere,0.005713263905128156
380.05000000005214,sphere,klein_bottle,0.9853132274746242
390.0500000000544,klein_bottle,sphere,0.0059917159580490835
390.0500000000544,sphere,klein_bottle,0.9851231381415866
390.0500000000544,klein_bottle,sphere,0.006275842310141731
390.0500000000544,sphere,klein_bottle,0.9849332353535274
390.0500000000544,klein_bottle,sphere,0.006548590040183242
390.0500000000544,sphere,klein_bottle,0.9847431460204898
390.0500000000544,klein_bottle,sphere,0.006832696637378473
390.0500000000544,sphere,klein_bottle,0.9845531499599415
390.0500000000544,klein_bottle,sphere,0.007122478540754567
390.0500000000544,sphere,klein_bottle,0.9843631538993931
390.0500000000544,klein_bottle,sphere,0.007395196988433444
390.0500000000544,sphere,klein_bottle,0.9841731578388447
390.0500000000544,klein_bottle,sphere,0.007673590885438533
390.0500000000544,sphere,klein_bottle,0.9839831617782964
390.0500000000544,klein_bottle,sphere,0.007946289384597691
390.0500000000544,sphere,klein_bottle,0.9837930724452587
390.0500000000544,klein_bottle,sphere,0.00821897963248519
390.0500000000544,sphere,klein_bottle,0.9836030763847103
390.0500000000544,klein_bottle,sphere,0.008485975647705226
390.0500000000544,sphere,klein_bottle,0.983413080324162
390.0500000000544,klein_bottle,sphere,0.008752962984490164
390.0500000000544,sphere,klein_bottle,0.9832229909911244
390.0500000000544,klein_bottle,sphere,0.009008573210554333
390.0500000000544,sphere,klein_bottle,0.9830330882030652
390.0500000000544,klein_bottle,sphere,0.009269858343834899
390.0500000000544,sphere,klein_bottle,0.9828429988700276
390.0500000000544,klein_bottle,sphere,0.009536817072645483
390.0500000000544,sphere,klein_bottle,0.9826530028094792
390.0500000000544,klein_bottle,sphere,0.009786716615147142
390.0500000000544,sphere,klein_bottle,0.9824630067489308
390.0500000000544,klein_bottle,sphere,0.010047974239512706
390.0500000000544,sphere,klein_bottle,0.9822729174158933
390.0500000000544,klein_bottle,sphere,0.010297855939386901
390.0500000000544,sphere,klein_bottle,0.9820830146278341
390.0500000000544,klein_bottle,sphere,0.010553412269629506
390.0500000000544,sphere,klein_bottle,0.9818929252947965
390.0500000000544,klein_bottle,sphere,0.010803275613774534
390.0500000000544,sphere,klein_bottle,0.9817029292342481
390.0500000000544,klein_bottle,sphere,0.011047448636119792
390.0500000000544,sphere,klein_bottle,0.981513026446189
390.0500000000544,klein_bottle,sphere,0.011297296109029933
390.0500000000544,sphere,klein_bottle,0.9813229371131513
390.0500000000544,klein_bottle,sphere,0.011535768948276695
390.0500000000544,sphere,klein_bottle,0.981132941052603
390.0500000000544,klein_bottle,sphere,0.011774232809574472
390.0500000000544,sphere,klein_bottle,0.9809428517195654
390.0500000000544,klein_bottle,sphere,0.012012689584163407
390.0500000000544,sphere,klein_bottle,0.9807529489315062
390.0500000000544,klein_bottle,sphere,0.01226250185674415
390.0500000000544,sphere,klein_bottle,0.9805628595984687
390.0500000000544,klein_bottle,sphere,0.012500940277296188
390.0500000000544,sphere,klein_bottle,0.9803729568104095
390.0500000000544,klein_bottle,sphere,0.012739371930158994
390.0500000000544,sphere,klein_bottle,0.9801828674773718
390.0500000000544,klein_bottle,sphere,0.01297211205595031
390.0500000000544,sphere,klein_bottle,0.9799927781443343
390.0500000000544,klein_bottle,sphere,0.013199162564145958
390.0500000000544,sphere,klein_bottle,0.9798028753562751
390.0500000000544,klein_bottle,sphere,0.01343188526231391
390.0500000000544,sphere,klein_bottle,0.9796127860232375
390.0500000000544,klein_bottle,sphere,0.013658919709500563
390.0500000000544,sphere,klein_bottle,0.9794228832351783
390.0500000000544,klein_bottle,sphere,0.013891627549738982
390.0500000000544,sphere,klein_bottle,0.9792327939021408
390.0500000000544,klein_bottle,sphere,0.014124326972505102
390.0500000000544,sphere,klein_bottle,0.9790427045691031
390.0500000000544,klein_bottle,sphere,0.014357018213265373
390.0500000000544,sphere,klein_bottle,0.9788527085085548
390.0500000000544,klein_bottle,sphere,0.014584020560864707
390.0500000000544,sphere,klein_bottle,0.9786627124480064
390.0500000000544,klein_bottle,sphere,0.014816695667224105
390.0500000000544,sphere,klein_bottle,0.9784728096599472
390.0500000000544,klein_bottle,sphere,0.015043680693534843
390.0500000000544,sphere,klein_bottle,0.9782827203269097
390.0500000000544,klein_bottle,sphere,0.015270658876553416
390.0500000000544,sphere,klein_bottle,0.978092630993872
390.0500000000544,klein_bottle,sphere,0.015497629077330752
390.0500000000544,sphere,klein_bottle,0.9779027282058129
390.0500000000544,klein_bottle,sphere,0.01573595224353339
390.0500000000544,sphere,klein_bottle,0.9777126388727753
390.0500000000544,klein_bottle,sphere,0.015957226045804362
390.0500000000544,sphere,klein_bottle,0.9774988583274749
390.0500000000544,klein_bottle,sphere,0.016189815504020773
390.0500000000544,sphere,klein_bottle,0.9773088622669265
390.0500000000544,klein_bottle,sphere,0.016422434645543438
390.0500000000544,sphere,klein_bottle,0.9771188662063781
390.0500000000544,klein_bottle,sphere,0.01664936289423102
390.0500000000544,sphere,klein_bottle,0.9769287768733406
390.0500000000544,klein_bottle,sphere,0.016864923365316517
390.0500000000544,sphere,klein_bottle,0.9767150896005293
390.0500000000544,klein_bottle,sphere,0.017086118718973232
390.0500000000544,sphere,klein_bottle,0.976525093539981
390.0500000000544,klein_bottle,sphere,0.017318703842851963
390.0500000000544,sphere,klein_bottle,0.9763350042069434
390.0500000000544,klein_bottle,sphere,0.017534240697789357
390.0500000000544,sphere,klein_bottle,0.9761451014188842
390.0500000000544,klein_bottle,sphere,0.01776113050153374
390.0500000000544,sphere,klein_bottle,0.9759313208735838
390.0500000000544,klein_bottle,sphere,0.017982290543567966
390.0500000000544,sphere,klein_bottle,0.9757413248130354
390.0500000000544,klein_bottle,sphere,0.018180766428106794
390.0500000000544,sphere,klein_bottle,0.9755274509952458
390.0500000000544,klein_bottle,sphere,0.018379191983430847
390.0500000000544,sphere,klein_bottle,0.9753136704499454
390.0500000000544,klein_bottle,sphere,0.0185776140233313
390.0500000000544,sphere,klein_bottle,0.9751237676618864
390.0500000000544,klein_bottle,sphere,0.01877606267728594
390.0500000000544,sphere,klein_bottle,0.9749099871165859
390.0500000000544,klein_bottle,sphere,0.018974468053724245
390.0500000000544,sphere,klein_bottle,0.9746962065712855
390.0500000000544,klein_bottle,sphere,0.019184222886562248
390.0500000000544,sphere,klein_bottle,0.974506117238248
390.0500000000544,klein_bottle,sphere,0.019388330542676864
390.0500000000544,sphere,klein_bottle,0.974292523237926
390.0500000000544,klein_bottle,sphere,0.01959239123682874
390.0500000000544,sphere,klein_bottle,0.9740787426926256
390.0500000000544,klein_bottle,sphere,0.01979076518728147
390.0500000000544,sphere,klein_bottle,0.973841084390084
390.0500000000544,klein_bottle,sphere,0.01998908298343057
390.0500000000544,sphere,klein_bottle,0.9736273038447836
390.0500000000544,klein_bottle,sphere,0.020193117488262715
390.0500000000544,sphere,klein_bottle,0.9733900186321989
390.0500000000544,klein_bottle,sphere,0.020391421627595687
390.0500000000544,sphere,klein_bottle,0.9731523603296572
390.0500000000544,klein_bottle,sphere,0.020606752661880886
390.0500000000544,sphere,klein_bottle,0.9729385797843569
390.0500000000544,klein_bottle,sphere,0.02081076192528684
390.0500000000544,sphere,klein_bottle,0.9727011080267938
390.0500000000544,klein_bottle,sphere,0.02100903808462268
390.0500000000544,sphere,klein_bottle,0.9724635429967413
390.0500000000544,klein_bottle,sphere,0.021212984214473273
390.0500000000544,sphere,klein_bottle,0.9722260712391781
390.0500000000544,klein_bottle,sphere,0.021405566835214305
390.0500000000544,sphere,klein_bottle,0.972012383966367
390.0500000000544,klein_bottle,sphere,0.021598187079180677
390.0500000000544,sphere,klein_bottle,0.9717747256638254
390.0500000000544,klein_bottle,sphere,0.021796431315324345
390.0500000000544,sphere,klein_bottle,0.9715610383910143
390.0500000000544,klein_bottle,sphere,0.02198903576839355
390.0500000000544,sphere,klein_bottle,0.9713234733609618
390.0500000000544,klein_bottle,sphere,0.02217590674341782
390.0500000000544,sphere,klein_bottle,0.9710860016033986
390.0500000000544,klein_bottle,sphere,0.02236844783711895
390.0500000000544,sphere,klein_bottle,0.9708484365733463
390.0500000000544,klein_bottle,sphere,0.022560980262287682
390.0500000000544,sphere,klein_bottle,0.970610871543294
390.0500000000544,klein_bottle,sphere,0.0227535014235066
390.0500000000544,sphere,klein_bottle,0.9703733065132415
390.0500000000544,klein_bottle,sphere,0.022946018287613473
390.0500000000544,sphere,klein_bottle,0.9701596192404304
390.0500000000544,klein_bottle,sphere,0.023132900091750144
390.0500000000544,sphere,klein_bottle,0.9699221474828672
390.0500000000544,klein_bottle,sphere,0.0233197190307402
390.0500000000544,sphere,klein_bottle,0.969684675725304
390.0500000000544,klein_bottle,sphere,0.02351220995003593
390.0500000000544,sphere,klein_bottle,0.9694471106952516
390.0500000000544,klein_bottle,sphere,0.023704690798029657
390.0500000000544,sphere,klein_bottle,0.9692095456651992
390.0500000000544,klein_bottle,sphere,0.02389148739364129
390.0500000000544,sphere,klein_bottle,0.9689720739076361
390.0500000000544,klein_bottle,sphere,0.024083951620347297
390.0500000000544,sphere,klein_bottle,0.9687346021500729
390.0500000000544,klein_bottle,sphere,0.024276410159833735
390.0500000000544,sphere,klein_bottle,0.9684971303925097
390.0500000000544,klein_bottle,sphere,0.024457503850263494
390.0500000000544,sphere,klein_bottle,0.9682594720899681
390.0500000000544,klein_bottle,sphere,0.024632916650177576
390.0500000000544,sphere,klein_bottle,0.9680220003324049
390.0500000000544,klein_bottle,sphere,0.024808322146489845
390.0500000000544,sphere,klein_bottle,0.9677845285748418
390.0500000000544,klein_bottle,sphere,0.02498939494498058
390.0500000000544,sphere,klein_bottle,0.9675470568172786
390.0500000000544,klein_bottle,sphere,0.025164782079893696
390.0500000000544,sphere,klein_bottle,0.9672857073024742
390.0500000000544,klein_bottle,sphere,0.025340108318230536
390.0500000000544,sphere,klein_bottle,0.967048235544911
390.0500000000544,klein_bottle,sphere,0.025509804973182518
390.0500000000544,sphere,klein_bottle,0.9668106705148587
390.0500000000544,klein_bottle,sphere,0.025690845749543428
390.0500000000544,sphere,klein_bottle,0.9665494142725435
390.0500000000544,klein_bottle,sphere,0.02586047031565889
390.0500000000544,sphere,klein_bottle,0.9663119425149803
390.0500000000544,klein_bottle,sphere,0.02603014948926645
390.0500000000544,sphere,klein_bottle,0.9660744707574171
390.0500000000544,klein_bottle,sphere,0.026205489746013194
390.0500000000544,sphere,klein_bottle,0.9658131212426128
390.0500000000544,klein_bottle,sphere,0.02637509280862489
390.0500000000544,sphere,klein_bottle,0.9655756494850496
390.0500000000544,klein_bottle,sphere,0.026539069615060442
390.0500000000544,sphere,klein_bottle,0.965337991182508
390.0500000000544,klein_bottle,sphere,0.026708715263433866
390.0500000000544,sphere,klein_bottle,0.965076828212682
390.0500000000544,klein_bottle,sphere,0.026883965815481345
390.0500000000544,sphere,klein_bottle,0.9648393564551189
390.0500000000544,klein_bottle,sphere,0.027047920205927473
390.0500000000544,sphere,klein_bottle,0.9646016981525772
390.0500000000544,klein_bottle,sphere,0.027211866900622248
390.0500000000544,sphere,klein_bottle,0.9643166574255101
390.0500000000544,klein_bottle,sphere,0.027381362369651583
390.0500000000544,sphere,klein_bottle,0.9640554944556841
390.0500000000544,klein_bottle,sphere,0.027533887723296693
390.0500000000544,sphere,klein_bottle,0.9637941449408797
390.0500000000544,klein_bottle,sphere,0.027692080919147793
390.0500000000544,sphere,klein_bottle,0.9635329819710537
390.0500000000544,klein_bottle,sphere,0.027855936929037924
390.0500000000544,sphere,klein_bottle,0.9632716324562494
390.0500000000544,klein_bottle,sphere,0.028008436405419328
390.0500000000544,sphere,klein_bottle,0.9629865917291822
390.0500000000544,klein_bottle,sphere,0.02816654205264653
390.0500000000544,sphere,klein_bottle,0.9627254287593562
390.0500000000544,klein_bottle,sphere,0.028341721798251212
390.0500000000544,sphere,klein_bottle,0.9624640792445518
390.0500000000544,klein_bottle,sphere,0.0284998730658229
390.0500000000544,sphere,klein_bottle,0.9621790385174847
390.0500000000544,klein_bottle,sphere,0.028657953842260987
390.0500000000544,sphere,klein_bottle,0.9618939977904175
390.0500000000544,klein_bottle,sphere,0.028816029029825312
390.0500000000544,sphere,klein_bottle,0.9616090503358395
390.0500000000544,klein_bottle,sphere,0.028968424307182338
390.0500000000544,sphere,klein_bottle,0.9613241028812616
390.0500000000544,klein_bottle,sphere,0.029120805944366515
390.0500000000544,sphere,klein_bottle,0.9610390621541944
390.0500000000544,klein_bottle,sphere,0.02926750776999701
390.0500000000544,sphere,klein_bottle,0.9607540214271272
390.0500000000544,klein_bottle,sphere,0.029431221403775683
390.0500000000544,sphere,klein_bottle,0.96046898070006
390.0500000000544,klein_bottle,sphere,0.02957791001542553
390.0500000000544,sphere,klein_bottle,0.9601839399729929
390.0500000000544,klein_bottle,sphere,0.02973025910740746
390.0500000000544,sphere,klein_bottle,0.9598988992459256
390.0500000000544,klein_bottle,sphere,0.029888276583107283
390.0500000000544,sphere,klein_bottle,0.9596138585188585
390.0500000000544,klein_bottle,sphere,0.03003493863838276
390.0500000000544,sphere,klein_bottle,0.9593289110642805
390.0500000000544,klein_bottle,sphere,0.030181598747419224
390.0500000000544,sphere,klein_bottle,0.9590438703372134
390.0500000000544,klein_bottle,sphere,0.03032824525521982
390.0500000000544,sphere,klein_bottle,0.9587589228826354
390.0500000000544,klein_bottle,sphere,0.03048055732674383
390.0500000000544,sphere,klein_bottle,0.9584738821555682
390.0500000000544,klein_bottle,sphere,0.030627188137810082
390.0500000000544,sphere,klein_bottle,0.958188841428501
390.0500000000544,klein_bottle,sphere,0.03077381674178675
390.0500000000544,sphere,klein_bottle,0.9579038007014339
390.0500000000544,klein_bottle,sphere,0.030914759378615035
390.0500000000544,sphere,klein_bottle,0.9576187599743666
390.0500000000544,klein_bottle,sphere,0.03106137258378457
390.0500000000544,sphere,klein_bottle,0.9573337192472995
390.0500000000544,klein_bottle,sphere,0.031202302904777834
390.0500000000544,sphere,klein_bottle,0.9570486785202323
390.0500000000544,klein_bottle,sphere,0.0313488979280926
390.0500000000544,sphere,klein_bottle,0.9567636377931651
390.0500000000544,klein_bottle,sphere,0.031495482394328284
390.0500000000544,sphere,klein_bottle,0.9564787836110764
390.0500000000544,klein_bottle,sphere,0.03163639332140486
390.0500000000544,sphere,klein_bottle,0.95619364961152
390.0500000000544,klein_bottle,sphere,0.03177729595565818
390.0500000000544,sphere,klein_bottle,0.955908702156942
390.0500000000544,klein_bottle,sphere,0.03191819166394259
390.0500000000544,sphere,klein_bottle,0.9556236614298749
390.0500000000544,klein_bottle,sphere,0.032059076840462525
390.0500000000544,sphere,klein_bottle,0.9553386207028077
390.0500000000544,klein_bottle,sphere,0.032199960108133724
390.0500000000544,sphere,klein_bottle,0.9550535799757405
390.0500000000544,klein_bottle,sphere,0.03234649311741108
390.0500000000544,sphere,klein_bottle,0.9547685392486733
390.0500000000544,klein_bottle,sphere,0.032487364069254246
390.0500000000544,sphere,klein_bottle,0.9544835917940954
390.0500000000544,klein_bottle,sphere,0.0326282194805244
390.0500000000544,sphere,klein_bottle,0.9541985510670282
390.0500000000544,klein_bottle,sphere,0.032769067137142595
390.0500000000544,sphere,klein_bottle,0.9539136036124503
390.0500000000544,klein_bottle,sphere,0.0329099103862269
390.0500000000544,sphere,klein_bottle,0.9536285628853831
390.0500000000544,klein_bottle,sphere,0.03305074587818189
390.0500000000544,sphere,klein_bottle,0.9533435221583159
390.0500000000544,klein_bottle,sphere,0.033191571113752934
390.0500000000544,sphere,klein_bottle,0.9530584814312487
390.0500000000544,klein_bottle,sphere,0.03333238887539699
390.0500000000544,sphere,klein_bottle,0.9527734407041816
390.0500000000544,klein_bottle,sphere,0.03347320194527734
390.0500000000544,sphere,klein_bottle,0.9524883999771143
390.0500000000544,klein_bottle,sphere,0.0336140075411977
390.0500000000544,sphere,klein_bottle,0.9522033592500472
390.0500000000544,klein_bottle,sphere,0.033749136029716985
390.0500000000544,sphere,klein_bottle,0.95191831852298
390.0500000000544,klein_bottle,sphere,0.03388425734364068
390.0500000000544,sphere,klein_bottle,0.9516333710684021
390.0500000000544,klein_bottle,sphere,0.034025041111114394
390.0500000000544,sphere,klein_bottle,0.9513484236138241
390.0500000000544,klein_bottle,sphere,0.0341544818195929
390.0500000000544,sphere,klein_bottle,0.9510633828867568
390.0500000000544,klein_bottle,sphere,0.0342782491054635
390.0500000000544,sphere,klein_bottle,0.9507783421596897
390.0500000000544,klein_bottle,sphere,0.03440767591903722
390.0500000000544,sphere,klein_bottle,0.9504933014326226
390.0500000000544,klein_bottle,sphere,0.034531435466084816
390.0500000000544,sphere,klein_bottle,0.9502082607055553
390.0500000000544,klein_bottle,sphere,0.03465517731097562
390.0500000000544,sphere,klein_bottle,0.9499232199784882
390.0500000000544,klein_bottle,sphere,0.03477892370561867
390.0500000000544,sphere,klein_bottle,0.949638179251421
390.0500000000544,klein_bottle,sphere,0.03490832068578843
390.0500000000544,sphere,klein_bottle,0.9493531385243538
390.0500000000544,klein_bottle,sphere,0.035037716353535774
390.0500000000544,sphere,klein_bottle,0.9490682843422651
390.0500000000544,klein_bottle,sphere,0.03516710019139246
390.0500000000544,sphere,klein_bottle,0.9487831503427087
390.0500000000544,klein_bottle,sphere,0.03529081396827859
390.0500000000544,sphere,klein_bottle,0.9484980163431522
390.0500000000544,klein_bottle,sphere,0.03541452394824249
390.0500000000544,sphere,klein_bottle,0.9482131621610635
390.0500000000544,klein_bottle,sphere,0.03553822549021832
390.0500000000544,sphere,klein_bottle,0.9479281214339964
390.0500000000544,klein_bottle,sphere,0.03565058784675866
390.0500000000544,sphere,klein_bottle,0.9476430807069292
390.0500000000544,klein_bottle,sphere,0.03577427592475723
390.0500000000544,sphere,klein_bottle,0.9473343487675993
390.0500000000544,klein_bottle,sphere,0.03589221157985457
390.0500000000544,sphere,klein_bottle,0.947049308040532
390.0500000000544,klein_bottle,sphere,0.03601589194456148
390.0500000000544,sphere,klein_bottle,0.9467405761012021
390.0500000000544,klein_bottle,sphere,0.03613947530801975
390.0500000000544,sphere,klein_bottle,0.9464555353741348
390.0500000000544,klein_bottle,sphere,0.03625747563200072
390.0500000000544,sphere,klein_bottle,0.9461704946470677
390.0500000000544,klein_bottle,sphere,0.036369803212683335
390.0500000000544,sphere,klein_bottle,0.9458854539200006
390.0500000000544,klein_bottle,sphere,0.03648778835309757
390.0500000000544,sphere,klein_bottle,0.9455767219806706
390.0500000000544,klein_bottle,sphere,0.03661134747871751
390.0500000000544,sphere,klein_bottle,0.9452678967688514
390.0500000000544,klein_bottle,sphere,0.03673490472616427
390.0500000000544,sphere,klein_bottle,0.9449828560417842
390.0500000000544,klein_bottle,sphere,0.03685853050009103
390.0500000000544,sphere,klein_bottle,0.9446979085872063
390.0500000000544,klein_bottle,sphere,0.0369764926647271
390.0500000000544,sphere,klein_bottle,0.9444128678601391
390.0500000000544,klein_bottle,sphere,0.037094442674834485
390.0500000000544,sphere,klein_bottle,0.9441041359208091
390.0500000000544,klein_bottle,sphere,0.037217970117883845
390.0500000000544,sphere,klein_bottle,0.9437717127692163
390.0500000000544,klein_bottle,sphere,0.037324418417080195
390.0500000000544,sphere,klein_bottle,0.943462794284908
390.0500000000544,klein_bottle,sphere,0.03743660943168739
390.0500000000544,sphere,klein_bottle,0.943154062345578
390.0500000000544,klein_bottle,sphere,0.037554451162905185
390.0500000000544,sphere,klein_bottle,0.9428214526490069
390.0500000000544,klein_bottle,sphere,0.03766654360538254
390.0500000000544,sphere,klein_bottle,0.9425127207096768
390.0500000000544,klein_bottle,sphere,0.03777870987483384
390.0500000000544,sphere,klein_bottle,0.9422039887703468
390.0500000000544,klein_bottle,sphere,0.037890872450940145
390.0500000000544,sphere,klein_bottle,0.9418951635585276
390.0500000000544,klein_bottle,sphere,0.038008692448715804
390.0500000000544,sphere,klein_bottle,0.9415863383467085
390.0500000000544,klein_bottle,sphere,0.03812649730992015
390.0500000000544,sphere,klein_bottle,0.9413013908921305
390.0500000000544,klein_bottle,sphere,0.03823872163716083
390.0500000000544,sphere,klein_bottle,0.9409688744680486
390.0500000000544,klein_bottle,sphere,0.038339451806691516
390.0500000000544,sphere,klein_bottle,0.9406838337409814
390.0500000000544,klein_bottle,sphere,0.03845732724086319
390.0500000000544,sphere,klein_bottle,0.9403514105893886
390.0500000000544,klein_bottle,sphere,0.03857502702314672
390.0500000000544,sphere,klein_bottle,0.9400425853775695
390.0500000000544,klein_bottle,sphere,0.03868148593744426
390.0500000000544,sphere,klein_bottle,0.9397337601657503
390.0500000000544,klein_bottle,sphere,0.03879925376335159
390.0500000000544,sphere,klein_bottle,0.9394013370141575
390.0500000000544,klein_bottle,sphere,0.038911272325713175
390.0500000000544,sphere,klein_bottle,0.9390687273175864
390.0500000000544,klein_bottle,sphere,0.039028940427335124
390.0500000000544,sphere,klein_bottle,0.9387836865905191
390.0500000000544,klein_bottle,sphere,0.03913545416869215
390.0500000000544,sphere,klein_bottle,0.9384749546511892
390.0500000000544,klein_bottle,sphere,0.03924753849680733
390.0500000000544,sphere,klein_bottle,0.9381662227118592
390.0500000000544,klein_bottle,sphere,0.039353954086797045
390.0500000000544,sphere,klein_bottle,0.9378574907725293
390.0500000000544,klein_bottle,sphere,0.03947168218000622
390.0500000000544,sphere,klein_bottle,0.9375248810759581
390.0500000000544,klein_bottle,sphere,0.0395666848110615
390.0500000000544,sphere,klein_bottle,0.9372161491366281
390.0500000000544,klein_bottle,sphere,0.039673081719272134
390.0500000000544,sphere,klein_bottle,0.9369074171972982
390.0500000000544,klein_bottle,sphere,0.03977381643025882
390.0500000000544,sphere,klein_bottle,0.9365749007732161
390.0500000000544,klein_bottle,sphere,0.039874457406524816
390.0500000000544,sphere,klein_bottle,0.936266075561397
390.0500000000544,klein_bottle,sphere,0.039963854584113986
390.0500000000544,sphere,klein_bottle,0.9359573436220671
390.0500000000544,klein_bottle,sphere,0.0400702330286344
390.0500000000544,sphere,klein_bottle,0.9356247339254958
390.0500000000544,klein_bottle,sphere,0.0401708526850219
390.0500000000544,sphere,klein_bottle,0.9353160019861659
390.0500000000544,klein_bottle,sphere,0.04027721320286638
390.0500000000544,sphere,klein_bottle,0.9350072700468359
390.0500000000544,klein_bottle,sphere,0.04036659408113794
390.0500000000544,sphere,klein_bottle,0.934674753622754
390.0500000000544,klein_bottle,sphere,0.04045588057832232
390.0500000000544,sphere,klein_bottle,0.9343659284109348
390.0500000000544,klein_bottle,sphere,0.040556565543462424
390.0500000000544,sphere,klein_bottle,0.9340571964716048
390.0500000000544,klein_bottle,sphere,0.040662905144428246
390.0500000000544,sphere,klein_bottle,0.9337245867750337
390.0500000000544,klein_bottle,sphere,0.04075783125003726
390.0500000000544,sphere,klein_bottle,0.9334158548357037
390.0500000000544,klein_bottle,sphere,0.04085849886927228
390.0500000000544,sphere,klein_bottle,0.9330833384116217
390.0500000000544,klein_bottle,sphere,0.04095907033963426
390.0500000000544,sphere,klein_bottle,0.9327508219875398
390.0500000000544,klein_bottle,sphere,0.041059638315433244
390.0500000000544,sphere,klein_bottle,0.9324182122909686
390.0500000000544,klein_bottle,sphere,0.04115454041407096
390.0500000000544,sphere,klein_bottle,0.9321094803516385
390.0500000000544,klein_bottle,sphere,0.04124387160697256
390.0500000000544,sphere,klein_bottle,0.9317769639275566
390.0500000000544,klein_bottle,sphere,0.04133310646512935
390.0500000000544,sphere,klein_bottle,0.9314444475034747
390.0500000000544,klein_bottle,sphere,0.04142233297296889
390.0500000000544,sphere,klein_bottle,0.9311357155641447
390.0500000000544,klein_bottle,sphere,0.041517306817744216
390.0500000000544,sphere,klein_bottle,0.9308031058675735
390.0500000000544,klein_bottle,sphere,0.041623494273001715
390.0500000000544,sphere,klein_bottle,0.9304706827159808
390.0500000000544,klein_bottle,sphere,0.04171270392170503
390.0500000000544,sphere,klein_bottle,0.9301380730194095
390.0500000000544,klein_bottle,sphere,0.04180756532856436
390.0500000000544,sphere,klein_bottle,0.9298293410800795
390.0500000000544,klein_bottle,sphere,0.04190817149352779
390.0500000000544,sphere,klein_bottle,0.9294968246559976
390.0500000000544,klein_bottle,sphere,0.04200301867771281
390.0500000000544,sphere,klein_bottle,0.9291643082319156
390.0500000000544,klein_bottle,sphere,0.04209221072587201
390.0500000000544,sphere,klein_bottle,0.9288555762925856
390.0500000000544,klein_bottle,sphere,0.04218148469925751
390.0500000000544,sphere,klein_bottle,0.9285229665960145
390.0500000000544,klein_bottle,sphere,0.04228763149922664
390.0500000000544,sphere,klein_bottle,0.9281905434444218
390.0500000000544,klein_bottle,sphere,0.04238245279703216
390.0500000000544,sphere,klein_bottle,0.9278579337478505
390.0500000000544,klein_bottle,sphere,0.04247162168601551
390.0500000000544,sphere,klein_bottle,0.9275491085360313
390.0500000000544,klein_bottle,sphere,0.04256653281589957
390.0500000000544,sphere,klein_bottle,0.9272166853844386
390.0500000000544,klein_bottle,sphere,0.04265568576693882
390.0500000000544,sphere,klein_bottle,0.9268841689603566
390.0500000000544,klein_bottle,sphere,0.04273918198200675
390.0500000000544,sphere,klein_bottle,0.9265754370210267
390.0500000000544,klein_bottle,sphere,0.0428340770464231
390.0500000000544,sphere,klein_bottle,0.9262428273244555
390.0500000000544,klein_bottle,sphere,0.04292886319693606
390.0500000000544,sphere,klein_bottle,0.9259103109003736
390.0500000000544,klein_bottle,sphere,0.04302365489755
390.0500000000544,sphere,klein_bottle,0.9255777944762915
390.0500000000544,klein_bottle,sphere,0.043112779465740866
390.0500000000544,sphere,klein_bottle,0.9252690625369616
390.0500000000544,klein_bottle,sphere,0.0432019965637743
390.0500000000544,sphere,klein_bottle,0.9249364528403904
390.0500000000544,klein_bottle,sphere,0.04330242045882211
390.0500000000544,sphere,klein_bottle,0.9246040296887976
390.0500000000544,klein_bottle,sphere,0.043397183683559465
390.0500000000544,sphere,klein_bottle,0.9242952044769784
390.0500000000544,klein_bottle,sphere,0.043492036210260376
390.0500000000544,sphere,klein_bottle,0.9239626880528965
390.0500000000544,klein_bottle,sphere,0.043581135390072044
390.0500000000544,sphere,klein_bottle,0.9236302649013037
390.0500000000544,klein_bottle,sphere,0.04367022937531866
390.0500000000544,sphere,klein_bottle,0.9232976552047326
390.0500000000544,klein_bottle,sphere,0.04374801087877071
390.0500000000544,sphere,klein_bottle,0.9229889232654026
390.0500000000544,klein_bottle,sphere,0.043831538908004126
390.0500000000544,sphere,klein_bottle,0.9226563135688314
390.0500000000544,klein_bottle,sphere,0.04392061336585511
390.0500000000544,sphere,klein_bottle,0.9223237971447494
390.0500000000544,klein_bottle,sphere,0.04400403422638919
390.0500000000544,sphere,klein_bottle,0.9220149719329302
390.0500000000544,klein_bottle,sphere,0.04411015085437387
390.0500000000544,sphere,klein_bottle,0.9216825487813375
390.0500000000544,klein_bottle,sphere,0.04420486559793823
390.0500000000544,sphere,klein_bottle,0.9213500323572555
390.0500000000544,klein_bottle,sphere,0.04429392059648045
390.0500000000544,sphere,klein_bottle,0.9210175159331736
390.0500000000544,klein_bottle,sphere,0.04438862329065737
390.0500000000544,sphere,klein_bottle,0.9206849062366024
390.0500000000544,klein_bottle,sphere,0.04447766381175526
390.0500000000544,sphere,klein_bottle,0.9203524830850096
390.0500000000544,klein_bottle,sphere,0.0445667023047928
390.0500000000544,sphere,klein_bottle,0.9200198733884385
390.0500000000544,klein_bottle,sphere,0.04464443173930999
390.0500000000544,sphere,klein_bottle,0.9196874502368457
390.0500000000544,klein_bottle,sphere,0.044727809642419965
390.0500000000544,sphere,klein_bottle,0.9193548405402745
390.0500000000544,klein_bottle,sphere,0.04481118432150653
390.0500000000544,sphere,klein_bottle,0.9190224173886817
390.0500000000544,klein_bottle,sphere,0.04490019568058827
390.0500000000544,sphere,klein_bottle,0.9186898076921106
390.0500000000544,klein_bottle,sphere,0.04498355973760431
390.0500000000544,sphere,klein_bottle,0.9183571979955394
390.0500000000544,klein_bottle,sphere,0.045072564895579426
390.0500000000544,sphere,klein_bottle,0.9180247748439466
390.0500000000544,klein_bottle,sphere,0.04516721696002252
390.0500000000544,sphere,klein_bottle,0.9176921651473755
390.0500000000544,klein_bottle,sphere,0.04525620525255161
390.0500000000544,sphere,klein_bottle,0.9173597419957827
390.0500000000544,klein_bottle,sphere,0.04533954850069116
390.0500000000544,sphere,klein_bottle,0.9170271322992115
390.0500000000544,klein_bottle,sphere,0.04542853136924692
390.0500000000544,sphere,klein_bottle,0.9166947091476187
390.0500000000544,klein_bottle,sphere,0.045511858453118524
390.0500000000544,sphere,klein_bottle,0.9163620994510476
390.0500000000544,klein_bottle,sphere,0.04560083312448268
390.0500000000544,sphere,klein_bottle,0.9160296762994549
390.0500000000544,klein_bottle,sphere,0.04568414959034032
390.0500000000544,sphere,klein_bottle,0.9156970666028836
390.0500000000544,klein_bottle,sphere,0.045767462815156534
390.0500000000544,sphere,klein_bottle,0.9153646434512909
390.0500000000544,klein_bottle,sphere,0.045850771610051494
390.0500000000544,sphere,klein_bottle,0.9150320337547198
390.0500000000544,klein_bottle,sphere,0.04593971897126769
390.0500000000544,sphere,klein_bottle,0.914699610603127
390.0500000000544,klein_bottle,sphere,0.04602301714844735
390.0500000000544,sphere,klein_bottle,0.9143670009065558
390.0500000000544,klein_bottle,sphere,0.04610065952725666
390.0500000000544,sphere,klein_bottle,0.914034577754963
390.0500000000544,klein_bottle,sphere,0.0461895970399632
390.0500000000544,sphere,klein_bottle,0.9137019680583919
390.0500000000544,klein_bottle,sphere,0.046278522637360105
390.0500000000544,sphere,klein_bottle,0.9133694516343098
390.0500000000544,klein_bottle,sphere,0.04636744860791897
390.0500000000544,sphere,klein_bottle,0.9130369352102279
390.0500000000544,klein_bottle,sphere,0.046456366235530004
390.0500000000544,sphere,klein_bottle,0.9127045120586351
390.0500000000544,klein_bottle,sphere,0.04653962978867714
390.0500000000544,sphere,klein_bottle,0.912371902362064
390.0500000000544,klein_bottle,sphere,0.04661724135310525
390.0500000000544,sphere,klein_bottle,0.9120394792104712
390.0500000000544,klein_bottle,sphere,0.04669484885185288
390.0500000000544,sphere,klein_bottle,0.9117068695139
390.0500000000544,klein_bottle,sphere,0.0467724506684966
390.0500000000544,sphere,klein_bottle,0.9113744463623072
390.0500000000544,klein_bottle,sphere,0.04685570217423786
390.0500000000544,sphere,klein_bottle,0.9110418366657361
390.0500000000544,klein_bottle,sphere,0.04693329406863441
390.0500000000544,sphere,klein_bottle,0.9107092269691649
390.0500000000544,klein_bottle,sphere,0.04701652340619122
390.0500000000544,sphere,klein_bottle,0.9103768038175721
390.0500000000544,klein_bottle,sphere,0.047099759421576425
390.0500000000544,sphere,klein_bottle,0.9100441941210009
390.0500000000544,klein_bottle,sphere,0.047177336345283614
390.0500000000544,sphere,klein_bottle,0.9097117709694083
390.0500000000544,klein_bottle,sphere,0.047260551008360095
390.0500000000544,sphere,klein_bottle,0.909379161272837
390.0500000000544,klein_bottle,sphere,0.0473381235524833
390.0500000000544,sphere,klein_bottle,0.9090467381212443
390.0500000000544,klein_bottle,sphere,0.04741004505555533
390.0500000000544,sphere,klein_bottle,0.908714128424673
390.0500000000544,klein_bottle,sphere,0.04748760802647518
390.0500000000544,sphere,klein_bottle,0.9083816120005911
390.0500000000544,klein_bottle,sphere,0.04755386771524188
390.0500000000544,sphere,klein_bottle,0.9080490955765091
390.0500000000544,klein_bottle,sphere,0.04763141615859085
390.0500000000544,sphere,klein_bottle,0.9077165791524272
390.0500000000544,klein_bottle,sphere,0.0477089652702951
390.0500000000544,sphere,klein_bottle,0.9073840627283452
390.0500000000544,klein_bottle,sphere,0.047797790659370246
390.0500000000544,sphere,klein_bottle,0.907051453031774
390.0500000000544,klein_bottle,sphere,0.047880975203447224
390.0500000000544,sphere,klein_bottle,0.9067190298801813
390.0500000000544,klein_bottle,sphere,0.04796414427462746
390.0500000000544,sphere,klein_bottle,0.9063865134560993
390.0500000000544,klein_bottle,sphere,0.048036027605061614
390.0500000000544,sphere,klein_bottle,0.9060539970320173
390.0500000000544,klein_bottle,sphere,0.04810790087137558
390.0500000000544,sphere,klein_bottle,0.9057213873354462
390.0500000000544,klein_bottle,sphere,0.048185419980503214
390.0500000000544,sphere,klein_bottle,0.9053889641838534
390.0500000000544,klein_bottle,sphere,0.04826292951226496
390.0500000000544,sphere,klein_bottle,0.9050563544872822
390.0500000000544,klein_bottle,sphere,0.04834607269071322
390.0500000000544,sphere,klein_bottle,0.9047239313356895
390.0500000000544,klein_bottle,sphere,0.04841793866327124
390.0500000000544,sphere,klein_bottle,0.9043914149116075
390.0500000000544,klein_bottle,sphere,0.04848978861415305
390.0500000000544,sphere,klein_bottle,0.9040588984875255
390.0500000000544,klein_bottle,sphere,0.04856163958079216
390.0500000000544,sphere,klein_bottle,0.9037262887909543
390.0500000000544,klein_bottle,sphere,0.04863912426082164
390.0500000000544,sphere,klein_bottle,0.9033937723668723
390.0500000000544,klein_bottle,sphere,0.04871096600529956
390.0500000000544,sphere,klein_bottle,0.9030612559427904
390.0500000000544,klein_bottle,sphere,0.048782803226188616
390.0500000000544,sphere,klein_bottle,0.9027286462462192
390.0500000000544,klein_bottle,sphere,0.04886027363592499
390.0500000000544,sphere,klein_bottle,0.9023962230946264
390.0500000000544,klein_bottle,sphere,0.04893774555900476
390.0500000000544,sphere,klein_bottle,0.9020636133980553
390.0500000000544,klein_bottle,sphere,0.04902084401076604
390.0500000000544,sphere,klein_bottle,0.9017311902464625
390.0500000000544,klein_bottle,sphere,0.04909830047883006
390.0500000000544,sphere,klein_bottle,0.9013985805498913
390.0500000000544,klein_bottle,sphere,0.04917011378489225
390.0500000000544,sphere,klein_bottle,0.9010661573982985
390.0500000000544,klein_bottle,sphere,0.049236280617697685
390.0500000000544,sphere,klein_bottle,0.9007335477017274
390.0500000000544,klein_bottle,sphere,0.049313722140841655
390.0500000000544,sphere,klein_bottle,0.9004011245501347
390.0500000000544,klein_bottle,sphere,0.04938552273093197
390.0500000000544,sphere,klein_bottle,0.9000685148535634
390.0500000000544,klein_bottle,sphere,0.04945731794153478
390.0500000000544,sphere,klein_bottle,0.8997359984294815
390.0500000000544,klein_bottle,sphere,0.04953474562500454
390.0500000000544,sphere,klein_bottle,0.8994034820053995
390.0500000000544,klein_bottle,sphere,0.04960653204323118
390.0500000000544,sphere,klein_bottle,0.8990710588538068
390.0500000000544,klein_bottle,sphere,0.04967267261300048
390.0500000000544,sphere,klein_bottle,0.8987384491572356
390.0500000000544,klein_bottle,sphere,0.04975008577407187
390.0500000000544,sphere,klein_bottle,0.8984058394606644
390.0500000000544,klein_bottle,sphere,0.049827494062355156
390.0500000000544,sphere,klein_bottle,0.8980734163090717
390.0500000000544,klein_bottle,sphere,0.04990490387937389
390.0500000000544,sphere,klein_bottle,0.8977409931574789
390.0500000000544,klein_bottle,sphere,0.04997666776750885
390.0500000000544,sphere,klein_bottle,0.8974083834609077
390.0500000000544,klein_bottle,sphere,0.05004842073036125
390.0500000000544,sphere,klein_bottle,0.8970757737643366
390.0500000000544,klein_bottle,sphere,0.05011453953080151
390.0500000000544,sphere,klein_bottle,0.8967433506127438
390.0500000000544,klein_bottle,sphere,0.050191919490680456
390.0500000000544,sphere,klein_bottle,0.8964107409161726
390.0500000000544,klein_bottle,sphere,0.05026366441865816
390.0500000000544,sphere,klein_bottle,0.8960783177645798
390.0500000000544,klein_bottle,sphere,0.05032976550903615
390.0500000000544,sphere,klein_bottle,0.8957457080680087
390.0500000000544,klein_bottle,sphere,0.050401507099631246
390.0500000000544,sphere,klein_bottle,0.8954132849164159
390.0500000000544,klein_bottle,sphere,0.050461959830959205
390.0500000000544,sphere,klein_bottle,0.8950806752198447
390.0500000000544,klein_bottle,sphere,0.05052804199088623
390.0500000000544,sphere,klein_bottle,0.8947482520682519
390.0500000000544,klein_bottle,sphere,0.050599765877277644
390.0500000000544,sphere,klein_bottle,0.8944156423716808
390.0500000000544,klein_bottle,sphere,0.05066585058287282
390.0500000000544,sphere,klein_bottle,0.8940830326751096
390.0500000000544,klein_bottle,sphere,0.05073192004523108
390.0500000000544,sphere,klein_bottle,0.8937506095235168
390.0500000000544,klein_bottle,sphere,0.05079235831589757
390.0500000000544,sphere,klein_bottle,0.893418186371924
390.0500000000544,klein_bottle,sphere,0.05085842602040981
390.0500000000544,sphere,klein_bottle,0.8930855766753529
390.0500000000544,klein_bottle,sphere,0.0509188500517332
390.0500000000544,sphere,klein_bottle,0.8927529669787817
390.0500000000544,klein_bottle,sphere,0.05097927579043518
390.0500000000544,sphere,klein_bottle,0.8924205438271889
390.0500000000544,klein_bottle,sphere,0.05105096405923908
390.0500000000544,sphere,klein_bottle,0.8920879341306177
390.0500000000544,klein_bottle,sphere,0.051111381798093276
390.0500000000544,sphere,klein_bottle,0.8917554177065358
390.0500000000544,klein_bottle,sphere,0.05117179615469209
390.0500000000544,sphere,klein_bottle,0.8914229012824538
390.0500000000544,klein_bottle,sphere,0.051243476644483865
390.0500000000544,sphere,klein_bottle,0.8910904781308611
390.0500000000544,klein_bottle,sphere,0.051303877915077324
390.0500000000544,sphere,klein_bottle,0.8907578684342898
390.0500000000544,klein_bottle,sphere,0.05137554373203608
390.0500000000544,sphere,klein_bottle,0.8904254452826972
390.0500000000544,klein_bottle,sphere,0.05143594807022536
390.0500000000544,sphere,klein_bottle,0.890092835586126
390.0500000000544,klein_bottle,sphere,0.05149634215872106
390.0500000000544,sphere,klein_bottle,0.889760319162044
390.0500000000544,klein_bottle,sphere,0.05156799002060129
390.0500000000544,sphere,klein_bottle,0.8894278027379621
390.0500000000544,klein_bottle,sphere,0.05162837102582722
390.0500000000544,sphere,klein_bottle,0.88909528631388
390.0500000000544,klein_bottle,sphere,0.05168875926944212
390.0500000000544,sphere,klein_bottle,0.8887627698897981
390.0500000000544,klein_bottle,sphere,0.05174913262542764
390.0500000000544,sphere,klein_bottle,0.8884301601932268
390.0500000000544,klein_bottle,sphere,0.051820774059889815
390.0500000000544,sphere,klein_bottle,0.8880977370416342
390.0500000000544,klein_bottle,sphere,0.05189241187190561
390.0500000000544,sphere,klein_bottle,0.887765127345063
390.0500000000544,klein_bottle,sphere,0.051952772606599626
390.0500000000544,sphere,klein_bottle,0.8874327041934702
390.0500000000544,klein_bottle,sphere,0.052013130418648426
390.0500000000544,sphere,klein_bottle,0.887100094496899
390.0500000000544,klein_bottle,sphere,0.052073483503733885
390.0500000000544,sphere,klein_bottle,0.886767578072817
390.0500000000544,klein_bottle,sphere,0.05214510935516032
390.0500000000544,sphere,klein_bottle,0.8864350616487351
390.0500000000544,klein_bottle,sphere,0.05221671962457502
390.0500000000544,sphere,klein_bottle,0.8861026384971423
390.0500000000544,klein_bottle,sphere,0.05227706144479756
390.0500000000544,sphere,klein_bottle,0.8857700288005711
390.0500000000544,klein_bottle,sphere,0.05233740959296404
390.0500000000544,sphere,klein_bottle,0.8854375123764892
390.0500000000544,klein_bottle,sphere,0.052397743310974305
390.0500000000544,sphere,klein_bottle,0.8851049959524072
390.0500000000544,klein_bottle,sphere,0.052458078734322657
390.0500000000544,sphere,klein_bottle,0.8847724795283253
390.0500000000544,klein_bottle,sphere,0.05251839927492024
390.0500000000544,sphere,klein_bottle,0.8844399631042432
390.0500000000544,klein_bottle,sphere,0.052589989689146195
390.0500000000544,sphere,klein_bottle,0.8841073534076721
390.0500000000544,klein_bottle,sphere,0.05265031836327427
390.0500000000544,sphere,klein_bottle,0.8837749302560793
390.0500000000544,klein_bottle,sphere,0.052710633069441924
390.0500000000544,sphere,klein_bottle,0.8834423205595081
390.0500000000544,klein_bottle,sphere,0.052782210158799775
390.0500000000544,sphere,klein_bottle,0.8831098974079153
390.0500000000544,klein_bottle,sphere,0.05284251686978881
390.0500000000544,sphere,klein_bottle,0.8827774742563227
390.0500000000544,klein_bottle,sphere,0.0529140806548708
390.0500000000544,sphere,klein_bottle,0.8824448645597515
390.0500000000544,klein_bottle,sphere,0.052974383980338415
390.0500000000544,sphere,klein_bottle,0.8821122548631802
390.0500000000544,klein_bottle,sphere,0.05303467795284539
390.0500000000544,sphere,klein_bottle,0.8817797384390983
390.0500000000544,klein_bottle,sphere,0.05310623394036035
390.0500000000544,sphere,klein_bottle,0.8814472220150164
390.0500000000544,klein_bottle,sphere,0.0531665203767612
390.0500000000544,sphere,klein_bottle,0.8811147988634236
390.0500000000544,klein_bottle,sphere,0.05322681450630621
390.0500000000544,sphere,klein_bottle,0.8807821891668524
390.0500000000544,klein_bottle,sphere,0.05328709283308122
390.0500000000544,sphere,klein_bottle,0.8804497660152596
390.0500000000544,klein_bottle,sphere,0.053358632245916644
390.0500000000544,sphere,klein_bottle,0.8801171563186885
390.0500000000544,klein_bottle,sphere,0.05343016068460364
390.0500000000544,sphere,klein_bottle,0.8797845466221172
390.0500000000544,klein_bottle,sphere,0.053490426841427054
390.0500000000544,sphere,klein_bottle,0.8794521234705245
390.0500000000544,klein_bottle,sphere,0.05355069563017478
390.0500000000544,sphere,klein_bottle,0.8791195137739534
390.0500000000544,klein_bottle,sphere,0.05361095966523628
390.0500000000544,sphere,klein_bottle,0.8787870906223606
390.0500000000544,klein_bottle,sphere,0.05368247752250827
390.0500000000544,sphere,klein_bottle,0.8784545741982787
390.0500000000544,klein_bottle,sphere,0.0537539848677256
390.0500000000544,sphere,klein_bottle,0.8781220577741966
390.0500000000544,klein_bottle,sphere,0.05381423167477775
390.0500000000544,sphere,klein_bottle,0.8777894480776255
390.0500000000544,klein_bottle,sphere,0.05387447419073799
390.0500000000544,sphere,klein_bottle,0.8774570249260327
390.0500000000544,klein_bottle,sphere,0.05394597466566269
390.0500000000544,sphere,klein_bottle,0.8771244152294615
390.0500000000544,klein_bottle,sphere,0.05401184495959128
390.0500000000544,sphere,klein_bottle,0.8767919920778687
390.0500000000544,klein_bottle,sphere,0.05408333104396123
390.0500000000544,sphere,klein_bottle,0.8764593823812976
390.0500000000544,klein_bottle,sphere,0.054160447094118325
390.0500000000544,sphere,klein_bottle,0.8761269592297048
390.0500000000544,klein_bottle,sphere,0.054220670038122615
390.0500000000544,sphere,klein_bottle,0.8757943495331336
390.0500000000544,klein_bottle,sphere,0.0542865232934986
390.0500000000544,sphere,klein_bottle,0.8754618331090517
390.0500000000544,klein_bottle,sphere,0.05436362055366662
390.0500000000544,sphere,klein_bottle,0.8751293166849697
390.0500000000544,klein_bottle,sphere,0.054429454539339076
390.0500000000544,sphere,klein_bottle,0.874796893533377
390.0500000000544,klein_bottle,sphere,0.054495295875312995
390.0500000000544,sphere,klein_bottle,0.8744642838368057
390.0500000000544,klein_bottle,sphere,0.05456112104496707
390.0500000000544,sphere,klein_bottle,0.8741316741402346
390.0500000000544,klein_bottle,sphere,0.054626953089803934
390.0500000000544,sphere,klein_bottle,0.8737992509886419
390.0500000000544,klein_bottle,sphere,0.05470402787639951
390.0500000000544,sphere,klein_bottle,0.8734666412920706
390.0500000000544,klein_bottle,sphere,0.05476422289678714
390.0500000000544,sphere,klein_bottle,0.8731342181404779
390.0500000000544,klein_bottle,sphere,0.05482440952233976
390.0500000000544,sphere,klein_bottle,0.8728016084439068
390.0500000000544,klein_bottle,sphere,0.05489584733837617
390.0500000000544,sphere,klein_bottle,0.8724690920198247
390.0500000000544,klein_bottle,sphere,0.05496728111081908
390.0500000000544,sphere,klein_bottle,0.8721365755957428
390.0500000000544,klein_bottle,sphere,0.05503308272919184
390.0500000000544,sphere,klein_bottle,0.8718040591716608
390.0500000000544,klein_bottle,sphere,0.05509888569891704
390.0500000000544,sphere,klein_bottle,0.8714715427475789
390.0500000000544,klein_bottle,sphere,0.05516467345243757
390.0500000000544,sphere,klein_bottle,0.8711390263234968
390.0500000000544,klein_bottle,sphere,0.05523046255738744
390.0500000000544,sphere,klein_bottle,0.8708065098994149
390.0500000000544,klein_bottle,sphere,0.05529062607621575
390.0500000000544,sphere,klein_bottle,0.8704739934753329
390.0500000000544,klein_bottle,sphere,0.05536203377598118
390.0500000000544,sphere,klein_bottle,0.870141477051251
390.0500000000544,klein_bottle,sphere,0.05542218377919067
390.0500000000544,sphere,klein_bottle,0.869808960627169
390.0500000000544,klein_bottle,sphere,0.05548232996003201
390.0500000000544,sphere,klein_bottle,0.869476444203087
390.0500000000544,klein_bottle,sphere,0.055548104079788226
390.0500000000544,sphere,klein_bottle,0.8691440210514942
390.0500000000544,klein_bottle,sphere,0.0556138634692665
390.0500000000544,sphere,klein_bottle,0.8688114113549231
390.0500000000544,klein_bottle,sphere,0.05567962324271413
390.0500000000544,sphere,klein_bottle,0.8684788016583519
390.0500000000544,klein_bottle,sphere,0.05574537884419789
390.0500000000544,sphere,klein_bottle,0.8681463785067591
390.0500000000544,klein_bottle,sphere,0.0558111367644377
390.0500000000544,sphere,klein_bottle,0.8678137688101879
390.0500000000544,klein_bottle,sphere,0.05587125865467129
390.0500000000544,sphere,klein_bottle,0.8674813456585952
390.0500000000544,klein_bottle,sphere,0.05593138321419795
390.0500000000544,sphere,klein_bottle,0.867148735962024
390.0500000000544,klein_bottle,sphere,0.0560027419785967
390.0500000000544,sphere,klein_bottle,0.8668162195379421
390.0500000000544,klein_bottle,sphere,0.05606848290459833
390.0500000000544,sphere,klein_bottle,0.86648370311386
390.0500000000544,klein_bottle,sphere,0.056128594988382456
390.0500000000544,sphere,klein_bottle,0.8661510934172889
390.0500000000544,klein_bottle,sphere,0.056199946235821606
390.0500000000544,sphere,klein_bottle,0.8658186702656961
390.0500000000544,klein_bottle,sphere,0.05626003977619215
390.0500000000544,sphere,klein_bottle,0.8654861538416142
390.0500000000544,klein_bottle,sphere,0.05631451589662781
390.0500000000544,sphere,klein_bottle,0.8651536374175322
390.0500000000544,klein_bottle,sphere,0.056374612517609834
390.0500000000544,sphere,klein_bottle,0.864821027720961
390.0500000000544,klein_bottle,sphere,0.056434704825864504
390.0500000000544,sphere,klein_bottle,0.8644886045693683
390.0500000000544,klein_bottle,sphere,0.05650040688121205
390.0500000000544,sphere,klein_bottle,0.864155994872797
390.0500000000544,klein_bottle,sphere,0.056566103784318485
390.0500000000544,sphere,klein_bottle,0.8638235717212043
390.0500000000544,klein_bottle,sphere,0.05662056198358818
390.0500000000544,sphere,klein_bottle,0.8634909620246332
390.0500000000544,klein_bottle,sphere,0.05669750813610884
390.0500000000544,sphere,klein_bottle,0.8631583523280619
390.0500000000544,klein_bottle,sphere,0.05676319804463256
390.0500000000544,sphere,klein_bottle,0.8628259291764692
390.0500000000544,klein_bottle,sphere,0.05681764477936709
390.0500000000544,sphere,klein_bottle,0.8624935060248765
390.0500000000544,klein_bottle,sphere,0.05687770510398021
390.0500000000544,sphere,klein_bottle,0.8621608963283053
390.0500000000544,klein_bottle,sphere,0.05693776061806398
390.0500000000544,sphere,klein_bottle,0.8618284731767125
390.0500000000544,klein_bottle,sphere,0.05700343553220151
390.0500000000544,sphere,klein_bottle,0.8614958634801413
390.0500000000544,klein_bottle,sphere,0.05706911080234658
390.0500000000544,sphere,klein_bottle,0.8611634403285486
390.0500000000544,klein_bottle,sphere,0.05712353912863109
390.0500000000544,sphere,klein_bottle,0.8608308306319774
390.0500000000544,klein_bottle,sphere,0.0571891953718907
390.0500000000544,sphere,klein_bottle,0.8604983142078955
390.0500000000544,klein_bottle,sphere,0.05726047499340883
390.0500000000544,sphere,klein_bottle,0.8601657977838134
390.0500000000544,klein_bottle,sphere,0.05732051289282035
390.0500000000544,sphere,klein_bottle,0.8598332813597315
390.0500000000544,klein_bottle,sphere,0.05738054697060109
390.0500000000544,sphere,klein_bottle,0.8595007649356495
390.0500000000544,klein_bottle,sphere,0.057440571710582713
390.0500000000544,sphere,klein_bottle,0.8591681552390783
390.0500000000544,klein_bottle,sphere,0.05751183380395461
390.0500000000544,sphere,klein_bottle,0.8588357320874855
390.0500000000544,klein_bottle,sphere,0.05757746620040961
390.0500000000544,sphere,klein_bottle,0.8585031223909144
390.0500000000544,klein_bottle,sphere,0.057643104457503085
390.0500000000544,sphere,klein_bottle,0.8581706059668324
390.0500000000544,klein_bottle,sphere,0.05770873352983483
390.0500000000544,sphere,klein_bottle,0.8578381828152397
390.0500000000544,klein_bottle,sphere,0.057768738794701166
390.0500000000544,sphere,klein_bottle,0.8575056663911577
390.0500000000544,klein_bottle,sphere,0.057823130800903066
390.0500000000544,sphere,klein_bottle,0.8571730566945865
390.0500000000544,klein_bottle,sphere,0.05788312759232401
390.0500000000544,sphere,klein_bottle,0.8568405402705045
390.0500000000544,klein_bottle,sphere,0.05794312106568156
390.0500000000544,sphere,klein_bottle,0.8565080238464226
390.0500000000544,klein_bottle,sphere,0.0580031162327738
390.0500000000544,sphere,klein_bottle,0.8561756006948298
390.0500000000544,klein_bottle,sphere,0.058068721838282704
390.0500000000544,sphere,klein_bottle,0.8558429909982587
390.0500000000544,klein_bottle,sphere,0.058128703169451006
390.0500000000544,sphere,klein_bottle,0.8555103813016874
390.0500000000544,klein_bottle,sphere,0.05819430511339793
390.0500000000544,sphere,klein_bottle,0.8551779581500947
390.0500000000544,klein_bottle,sphere,0.05826551713248226
390.0500000000544,sphere,klein_bottle,0.8548453484535236
390.0500000000544,klein_bottle,sphere,0.05831986790407428
390.0500000000544,sphere,klein_bottle,0.8545129253019308
390.0500000000544,klein_bottle,sphere,0.05837984012956144
390.0500000000544,sphere,klein_bottle,0.8541803156053596
390.0500000000544,klein_bottle,sphere,0.05843418929476388
390.0500000000544,sphere,klein_bottle,0.8538478924537668
390.0500000000544,klein_bottle,sphere,0.058488536004148266
390.0500000000544,sphere,klein_bottle,0.8535152827571957
390.0500000000544,klein_bottle,sphere,0.05854287822340173
390.0500000000544,sphere,klein_bottle,0.8531828596056029
390.0500000000544,klein_bottle,sphere,0.05860283017676967
390.0500000000544,sphere,klein_bottle,0.8528502499090317
390.0500000000544,klein_bottle,sphere,0.05865716527608908
390.0500000000544,sphere,klein_bottle,0.8525178267574389
390.0500000000544,klein_bottle,sphere,0.058722732628518855
390.0500000000544,sphere,klein_bottle,0.8521852170608678
390.0500000000544,klein_bottle,sphere,0.058788283764949344
390.0500000000544,sphere,klein_bottle,0.851852793909275
390.0500000000544,klein_bottle,sphere,0.05883699728081523
390.0500000000544,sphere,klein_bottle,0.8515201842127038
390.0500000000544,klein_bottle,sphere,0.05890815743099157
390.0500000000544,sphere,klein_bottle,0.8511876677886219
390.0500000000544,klein_bottle,sphere,0.05896247463373431
390.0500000000544,sphere,klein_bottle,0.8508551513645399
390.0500000000544,klein_bottle,sphere,0.05902240484546735
390.0500000000544,sphere,klein_bottle,0.8505226349404579
390.0500000000544,klein_bottle,sphere,0.059076709418013296
390.0500000000544,sphere,klein_bottle,0.8501901185163759
390.0500000000544,klein_bottle,sphere,0.059136632162915495
390.0500000000544,sphere,klein_bottle,0.849857602092294
390.0500000000544,klein_bottle,sphere,0.059190935128743016
390.0500000000544,sphere,klein_bottle,0.849525085668212
390.0500000000544,klein_bottle,sphere,0.05925084489570749
390.0500000000544,sphere,klein_bottle,0.8491924759716408
390.0500000000544,klein_bottle,sphere,0.059316371447273156
390.0500000000544,sphere,klein_bottle,0.8488598662750696
390.0500000000544,klein_bottle,sphere,0.05937065744655797
390.0500000000544,sphere,klein_bottle,0.8485274431234768
390.0500000000544,klein_bottle,sphere,0.059441792302858294
390.0500000000544,sphere,klein_bottle,0.8481949266993949
390.0500000000544,klein_bottle,sphere,0.0595016864401128
390.0500000000544,sphere,klein_bottle,0.847862410275313
390.0500000000544,klein_bottle,sphere,0.0595615767573609
390.0500000000544,sphere,klein_bottle,0.847529893851231
390.0500000000544,klein_bottle,sphere,0.05962146876468612
390.0500000000544,sphere,klein_bottle,0.8471973774271491
390.0500000000544,klein_bottle,sphere,0.05967012782236834
390.0500000000544,sphere,klein_bottle,0.8468647677305778
390.0500000000544,klein_bottle,sphere,0.05971878323687559
390.0500000000544,sphere,klein_bottle,0.8465323445789851
390.0500000000544,klein_bottle,sphere,0.05977305629343385
390.0500000000544,sphere,klein_bottle,0.8461997348824138
390.0500000000544,klein_bottle,sphere,0.05983853639320268
390.0500000000544,sphere,klein_bottle,0.8458673117308212
390.0500000000544,klein_bottle,sphere,0.05989841602659294
390.0500000000544,sphere,klein_bottle,0.84553470203425
390.0500000000544,klein_bottle,sphere,0.059963887963212885
390.0500000000544,sphere,klein_bottle,0.8452022788826572
390.0500000000544,klein_bottle,sphere,0.0600181407549222
390.0500000000544,sphere,klein_bottle,0.844869669186086
390.0500000000544,klein_bottle,sphere,0.06008361572033586
390.0500000000544,sphere,klein_bottle,0.8445372460344933
390.0500000000544,klein_bottle,sphere,0.06013224254202903
390.0500000000544,sphere,klein_bottle,0.8442046363379221
390.0500000000544,klein_bottle,sphere,0.06018087070229015
390.0500000000544,sphere,klein_bottle,0.8438721199138401
390.0500000000544,klein_bottle,sphere,0.0602294962629527
390.0500000000544,sphere,klein_bottle,0.8435396034897581
390.0500000000544,klein_bottle,sphere,0.060289349505140366
390.0500000000544,sphere,klein_bottle,0.8432071803381654
390.0500000000544,klein_bottle,sphere,0.060349182929086274
390.0500000000544,sphere,klein_bottle,0.8428745706415942
390.0500000000544,klein_bottle,sphere,0.06041463479821423
390.0500000000544,sphere,klein_bottle,0.842541960945023
390.0500000000544,klein_bottle,sphere,0.06046885824671544
390.0500000000544,sphere,klein_bottle,0.8422095377934302
390.0500000000544,klein_bottle,sphere,0.060523073769567
390.0500000000544,sphere,klein_bottle,0.8418769280968591
390.0500000000544,klein_bottle,sphere,0.060582902051837195
390.0500000000544,sphere,klein_bottle,0.8415445049452663
390.0500000000544,klein_bottle,sphere,0.06064272756947207
390.0500000000544,sphere,klein_bottle,0.8412118952486951
390.0500000000544,klein_bottle,sphere,0.06069132535369204
390.0500000000544,sphere,klein_bottle,0.8408794720971023
390.0500000000544,klein_bottle,sphere,0.06074553783338939
390.0500000000544,sphere,klein_bottle,0.8405468624005312
390.0500000000544,klein_bottle,sphere,0.06079412369025872
390.0500000000544,sphere,klein_bottle,0.8402144392489385
390.0500000000544,klein_bottle,sphere,0.060848323896113894
390.0500000000544,sphere,klein_bottle,0.8398818295523672
390.0500000000544,klein_bottle,sphere,0.06089691434512739
390.0500000000544,sphere,klein_bottle,0.8395494064007745
390.0500000000544,klein_bottle,sphere,0.06095671283567074
390.0500000000544,sphere,klein_bottle,0.8392167967042033
390.0500000000544,klein_bottle,sphere,0.06101090156749652
390.0500000000544,sphere,klein_bottle,0.8388843735526106
390.0500000000544,klein_bottle,sphere,0.061070698100520494
390.0500000000544,sphere,klein_bottle,0.8385517638560394
390.0500000000544,klein_bottle,sphere,0.06111366515002784
390.0500000000544,sphere,klein_bottle,0.8382193407044466
390.0500000000544,klein_bottle,sphere,0.061173449062405946
390.0500000000544,sphere,klein_bottle,0.8378867310078755
390.0500000000544,klein_bottle,sphere,0.06122200871642721
390.0500000000544,sphere,klein_bottle,0.8375543078562827
390.0500000000544,klein_bottle,sphere,0.0612761923422773
390.0500000000544,sphere,klein_bottle,0.8372216981597115
390.0500000000544,klein_bottle,sphere,0.06133035491487204
390.0500000000544,sphere,klein_bottle,0.8368891817356295
390.0500000000544,klein_bottle,sphere,0.06137892190012364
390.0500000000544,sphere,klein_bottle,0.8365566653115476
390.0500000000544,klein_bottle,sphere,0.06142746924904823
390.0500000000544,sphere,klein_bottle,0.8362240556149764
390.0500000000544,klein_bottle,sphere,0.06148162726053387
390.0500000000544,sphere,klein_bottle,0.8358916324633836
390.0500000000544,klein_bottle,sphere,0.061541386010149135
390.0500000000544,sphere,klein_bottle,0.8355590227668125
390.0500000000544,klein_bottle,sphere,0.06158431997009224
390.0500000000544,sphere,klein_bottle,0.8352265996152197
390.0500000000544,klein_bottle,sphere,0.06163286602622183
390.0500000000544,sphere,klein_bottle,0.8348939899186485
390.0500000000544,klein_bottle,sphere,0.061681402382313955
390.0500000000544,sphere,klein_bottle,0.8345615667670557
390.0500000000544,klein_bottle,sphere,0.061724334249231946
390.0500000000544,sphere,klein_bottle,0.8342289570704846
390.0500000000544,klein_bottle,sphere,0.061772864534045104
390.0500000000544,sphere,klein_bottle,0.8338964406464026
390.0500000000544,klein_bottle,sphere,0.06182700533411482
390.0500000000544,sphere,klein_bottle,0.8335639242223206
390.0500000000544,klein_bottle,sphere,0.061881131657596934
390.0500000000544,sphere,klein_bottle,0.8332314077982387
390.0500000000544,klein_bottle,sphere,0.06192965826804047
390.0500000000544,sphere,klein_bottle,0.8328988913741567
390.0500000000544,klein_bottle,sphere,0.06197256917939445
390.0500000000544,sphere,klein_bottle,0.8325662816775855
390.0500000000544,klein_bottle,sphere,0.06203229747635696
390.0500000000544,sphere,klein_bottle,0.8322338585259927
390.0500000000544,klein_bottle,sphere,0.062092017533454336
390.0500000000544,sphere,klein_bottle,0.8319012488294216
390.0500000000544,klein_bottle,sphere,0.06214053059099632
390.0500000000544,sphere,klein_bottle,0.8315688256778289
390.0500000000544,klein_bottle,sphere,0.062183429729921455
390.0500000000544,sphere,klein_bottle,0.8312362159812576
390.0500000000544,klein_bottle,sphere,0.06223193671637074
390.0500000000544,sphere,klein_bottle,0.8309037928296649
390.0500000000544,klein_bottle,sphere,0.06227483013458535
390.0500000000544,sphere,klein_bottle,0.8305711831330937
390.0500000000544,klein_bottle,sphere,0.062317719693835476
390.0500000000544,sphere,klein_bottle,0.830238759981501
390.0500000000544,klein_bottle,sphere,0.062371824428442676
390.0500000000544,sphere,klein_bottle,0.8299061502849298
390.0500000000544,klein_bottle,sphere,0.062420313597846215
390.0500000000544,sphere,klein_bottle,0.8295736338608478
390.0500000000544,klein_bottle,sphere,0.06246880568983991
390.0500000000544,sphere,klein_bottle,0.8292411174367659
390.0500000000544,klein_bottle,sphere,0.06251168400083618
390.0500000000544,sphere,klein_bottle,0.8289086942851731
390.0500000000544,klein_bottle,sphere,0.06256017056823285
390.0500000000544,sphere,klein_bottle,0.8285760845886019
390.0500000000544,klein_bottle,sphere,0.06260304811311265
390.0500000000544,sphere,klein_bottle,0.8282435681645199
390.0500000000544,klein_bottle,sphere,0.06265152256517795
390.0500000000544,sphere,klein_bottle,0.827911051740438
390.0500000000544,klein_bottle,sphere,0.06269999939554799
390.0500000000544,sphere,klein_bottle,0.8275784420438668
390.0500000000544,klein_bottle,sphere,0.06274286276979466
390.0500000000544,sphere,klein_bottle,0.827246018892274
390.0500000000544,klein_bottle,sphere,0.06279132857787902
390.0500000000544,sphere,klein_bottle,0.8269134091957028
390.0500000000544,klein_bottle,sphere,0.06284539960821682
390.0500000000544,sphere,klein_bottle,0.8265808927716208
390.0500000000544,klein_bottle,sphere,0.06289386395078929
390.0500000000544,sphere,klein_bottle,0.8262484696200281
390.0500000000544,klein_bottle,sphere,0.06294231472200648
390.0500000000544,sphere,klein_bottle,0.8259159531959461
390.0500000000544,klein_bottle,sphere,0.06297956598832978
390.0500000000544,sphere,klein_bottle,0.8255833434993749
390.0500000000544,klein_bottle,sphere,0.06302241202378252
390.0500000000544,sphere,klein_bottle,0.8252509203477822
390.0500000000544,klein_bottle,sphere,0.06307086495195749
390.0500000000544,sphere,klein_bottle,0.824918310651211
390.0500000000544,klein_bottle,sphere,0.06311370526604247
390.0500000000544,sphere,klein_bottle,0.8245858874996183
390.0500000000544,klein_bottle,sphere,0.06316774934774155
390.0500000000544,sphere,klein_bottle,0.824253277803047
390.0500000000544,klein_bottle,sphere,0.06321619181051343
390.0500000000544,sphere,klein_bottle,0.8239208546514544
390.0500000000544,klein_bottle,sphere,0.0632646322540014
390.0500000000544,sphere,klein_bottle,0.8235882449548831
390.0500000000544,klein_bottle,sphere,0.0633130629748917
390.0500000000544,sphere,klein_bottle,0.8232557285308012
390.0500000000544,klein_bottle,sphere,0.06336149112615236
390.0500000000544,sphere,klein_bottle,0.8229232121067191
390.0500000000544,klein_bottle,sphere,0.06340431980427942
390.0500000000544,sphere,klein_bottle,0.8225906956826372
390.0500000000544,klein_bottle,sphere,0.06344154953121178
390.0500000000544,sphere,klein_bottle,0.8222581792585553
390.0500000000544,klein_bottle,sphere,0.06348996334375348
390.0500000000544,sphere,klein_bottle,0.8219256628344733
390.0500000000544,klein_bottle,sphere,0.06353838502927543
390.0500000000544,sphere,klein_bottle,0.8215930531379021
390.0500000000544,klein_bottle,sphere,0.06358119638940327
390.0500000000544,sphere,klein_bottle,0.8212843211985721
390.0500000000544,klein_bottle,sphere,0.06362974801199714
390.0500000000544,sphere,klein_bottle,0.8209518047744901
390.0500000000544,klein_bottle,sphere,0.06367816061851436
390.0500000000544,sphere,klein_bottle,0.820619195077919
390.0500000000544,klein_bottle,sphere,0.06371536276625508
390.0500000000544,sphere,klein_bottle,0.8202867719263263
390.0500000000544,klein_bottle,sphere,0.06375258008904547
390.0500000000544,sphere,klein_bottle,0.8199542555022442
390.0500000000544,klein_bottle,sphere,0.06380097853205685
390.0500000000544,sphere,klein_bottle,0.8196217390781623
390.0500000000544,klein_bottle,sphere,0.063838179109115
390.0500000000544,sphere,klein_bottle,0.8192891293815912
390.0500000000544,klein_bottle,sphere,0.06387537670430968
390.0500000000544,sphere,klein_bottle,0.8189567062299984
390.0500000000544,klein_bottle,sphere,0.06392376703792073
390.0500000000544,sphere,klein_bottle,0.8186240965334272
390.0500000000544,klein_bottle,sphere,0.06396655353760963
390.0500000000544,sphere,klein_bottle,0.8182916733818344
390.0500000000544,klein_bottle,sphere,0.06400934937069187
390.0500000000544,sphere,klein_bottle,0.8179590636852633
390.0500000000544,klein_bottle,sphere,0.06404653656933479
390.0500000000544,sphere,klein_bottle,0.817626453988692
390.0500000000544,klein_bottle,sphere,0.06409491399901476
390.0500000000544,sphere,klein_bottle,0.8172940308370993
390.0500000000544,klein_bottle,sphere,0.06413209711786463
390.0500000000544,sphere,klein_bottle,0.8169616076855065
390.0500000000544,klein_bottle,sphere,0.06416927781283426
390.0500000000544,sphere,klein_bottle,0.8166289979889354
390.0500000000544,klein_bottle,sphere,0.06421765207002807
390.0500000000544,sphere,klein_bottle,0.8162965748373426
390.0500000000544,klein_bottle,sphere,0.06426042594759318
390.0500000000544,sphere,klein_bottle,0.8159639651407714
390.0500000000544,klein_bottle,sphere,0.06430319043736615
390.0500000000544,sphere,klein_bottle,0.8156314487166895
390.0500000000544,klein_bottle,sphere,0.06435155623987669
390.0500000000544,sphere,klein_bottle,0.8152989322926075
390.0500000000544,klein_bottle,sphere,0.06439431557129778
390.0500000000544,sphere,klein_bottle,0.8149664158685255
390.0500000000544,klein_bottle,sphere,0.06443707213041636
390.0500000000544,sphere,klein_bottle,0.8146338994444435
390.0500000000544,klein_bottle,sphere,0.0644742448882047
390.0500000000544,sphere,klein_bottle,0.8143012897478723
390.0500000000544,klein_bottle,sphere,0.06452259284776092
390.0500000000544,sphere,klein_bottle,0.8139688665962796
390.0500000000544,klein_bottle,sphere,0.06457093332005794
390.0500000000544,sphere,klein_bottle,0.8136601346569496
390.0500000000544,klein_bottle,sphere,0.06461383337451311
390.0500000000544,sphere,klein_bottle,0.8133275249603784
390.0500000000544,klein_bottle,sphere,0.06465098410026411
390.0500000000544,sphere,klein_bottle,0.8129950085362965
390.0500000000544,klein_bottle,sphere,0.06468813296556683
390.0500000000544,sphere,klein_bottle,0.8126624921122145
390.0500000000544,klein_bottle,sphere,0.06472527391450092
390.0500000000544,sphere,klein_bottle,0.8123298824156433
390.0500000000544,klein_bottle,sphere,0.06477360997043925
390.0500000000544,sphere,klein_bottle,0.8119974592640505
390.0500000000544,klein_bottle,sphere,0.06482193854450634
390.0500000000544,sphere,klein_bottle,0.8116648495674794
390.0500000000544,klein_bottle,sphere,0.06487027385013833
390.0500000000544,sphere,klein_bottle,0.8113561176281494
390.0500000000544,klein_bottle,sphere,0.06491314430247654
390.0500000000544,sphere,klein_bottle,0.8110236944765566
390.0500000000544,klein_bottle,sphere,0.06496146380204597
390.0500000000544,sphere,klein_bottle,0.8106910847799855
390.0500000000544,klein_bottle,sphere,0.06499299820669964
390.0500000000544,sphere,klein_bottle,0.8103586616283928
390.0500000000544,klein_bottle,sphere,0.06503572770078371
390.0500000000544,sphere,klein_bottle,0.8100260519318215
390.0500000000544,klein_bottle,sphere,0.06507844230545261
390.0500000000544,sphere,klein_bottle,0.8096936287802288
390.0500000000544,klein_bottle,sphere,0.06511556584316792
390.0500000000544,sphere,klein_bottle,0.8093610190836577
390.0500000000544,klein_bottle,sphere,0.06515268582015131
390.0500000000544,sphere,klein_bottle,0.8090522871443276
390.0500000000544,klein_bottle,sphere,0.06519554363315927
390.0500000000544,sphere,klein_bottle,0.8087196774477564
390.0500000000544,klein_bottle,sphere,0.06522706426150963
390.0500000000544,sphere,klein_bottle,0.8083871610236745
390.0500000000544,klein_bottle,sphere,0.06526418311083201
390.0500000000544,sphere,klein_bottle,0.8080546445995925
390.0500000000544,klein_bottle,sphere,0.06530688261998543
390.0500000000544,sphere,klein_bottle,0.8077222214479998
390.0500000000544,klein_bottle,sphere,0.06534958541748787
390.0500000000544,sphere,klein_bottle,0.8073896117514285
390.0500000000544,klein_bottle,sphere,0.06540346624336833
390.0500000000544,sphere,klein_bottle,0.8070570953273466
390.0500000000544,klein_bottle,sphere,0.06544056354773316
390.0500000000544,sphere,klein_bottle,0.8067245789032647
390.0500000000544,klein_bottle,sphere,0.0654832572849352
390.0500000000544,sphere,klein_bottle,0.8063919692066934
390.0500000000544,klein_bottle,sphere,0.06551477226970177
390.0500000000544,sphere,klein_bottle,0.8060595460551007
390.0500000000544,klein_bottle,sphere,0.06554627534471504
390.0500000000544,sphere,klein_bottle,0.8057269363585295
390.0500000000544,klein_bottle,sphere,0.0655889554008741
390.0500000000544,sphere,klein_bottle,0.8053945132069368
390.0500000000544,klein_bottle,sphere,0.06562045946583926
390.0500000000544,sphere,klein_bottle,0.8050619035103656
390.0500000000544,klein_bottle,sphere,0.06565754731755005
390.0500000000544,sphere,klein_bottle,0.8047294803587729
390.0500000000544,klein_bottle,sphere,0.0657002317029434
390.0500000000544,sphere,klein_bottle,0.8043968706622017
390.0500000000544,klein_bottle,sphere,0.06573171689589244
390.0500000000544,sphere,klein_bottle,0.8040881387228717
390.0500000000544,klein_bottle,sphere,0.06576894998650919
390.0500000000544,sphere,klein_bottle,0.8037556222987897
390.0500000000544,klein_bottle,sphere,0.06582838507907529
390.0500000000544,sphere,klein_bottle,0.8034231058747078
390.0500000000544,klein_bottle,sphere,0.06587105241448808
390.0500000000544,sphere,klein_bottle,0.8030904961781365
390.0500000000544,klein_bottle,sphere,0.06591371091536505
390.0500000000544,sphere,klein_bottle,0.8027580730265438
390.0500000000544,klein_bottle,sphere,0.06595078199253648
390.0500000000544,sphere,klein_bottle,0.8024254633299727
390.0500000000544,klein_bottle,sphere,0.06599344609766856
390.0500000000544,sphere,klein_bottle,0.8020930401783799
390.0500000000544,klein_bottle,sphere,0.06603051215433334
390.0500000000544,sphere,klein_bottle,0.8017842149665607
390.0500000000544,klein_bottle,sphere,0.066067727260694
390.0500000000544,sphere,klein_bottle,0.8014516985424788
390.0500000000544,klein_bottle,sphere,0.06610478249347282
390.0500000000544,sphere,klein_bottle,0.801119275390886
390.0500000000544,klein_bottle,sphere,0.06614183588087776
390.0500000000544,sphere,klein_bottle,0.8007866656943148
390.0500000000544,klein_bottle,sphere,0.06617889666189276
390.0500000000544,sphere,klein_bottle,0.800454242542722
390.0500000000544,klein_bottle,sphere,0.06621595068941594
390.0500000000544,sphere,klein_bottle,0.8001216328461509
390.0500000000544,klein_bottle,sphere,0.06625858556162854
390.0500000000544,sphere,klein_bottle,1.7878575199558677
390.0500000000544,klein_bottle,sphere,0.07247596851344026
390.0500000000544,sphere,klein_bottle,1.7875250968042748
390.0500000000544,klein_bottle,sphere,0.07252884766095638
390.0500000000544,sphere,klein_bottle,1.7871923005627253
390.0500000000544,klein_bottle,sphere,0.07256950528908214
390.0500000000544,sphere,klein_bottle,1.7868598774111326
390.0500000000544,klein_bottle,sphere,0.07261627362486141
390.0500000000544,sphere,klein_bottle,1.7865272677145614
390.0500000000544,klein_bottle,sphere,0.07266914260503705
390.0500000000544,sphere,klein_bottle,1.7861948445629685
390.0500000000544,klein_bottle,sphere,0.0727159051264466
390.0500000000544,sphere,klein_bottle,1.7858622348663973
390.0500000000544,klein_bottle,sphere,0.07276266364761737
390.0500000000544,sphere,klein_bottle,1.7855298117148046
390.0500000000544,klein_bottle,sphere,0.0728094145352432
390.0500000000544,sphere,klein_bottle,1.785197388563212
390.0500000000544,klein_bottle,sphere,0.07285007066067026
390.0500000000544,sphere,klein_bottle,1.7848884700789034
390.0500000000544,klein_bottle,sphere,0.07290307505124767
390.0500000000544,sphere,klein_bottle,1.7845560469273107
390.0500000000544,klein_bottle,sphere,0.07295592717459456
390.0500000000544,sphere,klein_bottle,1.784223623775718
390.0500000000544,klein_bottle,sphere,0.0729904478838298
390.0500000000544,sphere,klein_bottle,1.7838908275341683
390.0500000000544,klein_bottle,sphere,0.07303107934244192
390.0500000000544,sphere,klein_bottle,1.7835584043825756
390.0500000000544,klein_bottle,sphere,0.07307782576320904
390.0500000000544,sphere,klein_bottle,1.7832259812309827
390.0500000000544,klein_bottle,sphere,0.07311845448699159
390.0500000000544,sphere,klein_bottle,1.7828933715344117
390.0500000000544,klein_bottle,sphere,0.07316518226937967
390.0500000000544,sphere,klein_bottle,1.7825846395950817
390.0500000000544,klein_bottle,sphere,0.07321817401272422
390.0500000000544,sphere,klein_bottle,1.7822522164434889
390.0500000000544,klein_bottle,sphere,0.07326489727026453
390.0500000000544,sphere,klein_bottle,1.7819194202019393
390.0500000000544,klein_bottle,sphere,0.07331162132212751
390.0500000000544,sphere,klein_bottle,1.7815869970503466
390.0500000000544,klein_bottle,sphere,0.07335223692493172
390.0500000000544,sphere,klein_bottle,1.7812545738987537
390.0500000000544,klein_bottle,sphere,0.07339895789794795
390.0500000000544,sphere,klein_bottle,1.780922150747161
390.0500000000544,klein_bottle,sphere,0.07343956839504961
390.0500000000544,sphere,klein_bottle,1.7805893545056115
390.0500000000544,klein_bottle,sphere,0.07349238900143365
390.0500000000544,sphere,klein_bottle,1.7802806225662815
390.0500000000544,klein_bottle,sphere,0.07353924727973947
390.0500000000544,sphere,klein_bottle,1.7799483859596672
390.0500000000544,klein_bottle,sphere,0.07357374998849579
390.0500000000544,sphere,klein_bottle,1.7796155897181176
390.0500000000544,klein_bottle,sphere,0.07362044893846202
390.0500000000544,sphere,klein_bottle,1.7792831665665247
390.0500000000544,klein_bottle,sphere,0.07366715345471127
390.0500000000544,sphere,klein_bottle,1.7789505568699535
390.0500000000544,klein_bottle,sphere,0.07370775333886756
390.0500000000544,sphere,klein_bottle,1.7786179471733825
390.0500000000544,klein_bottle,sphere,0.0737544452039239
390.0500000000544,sphere,klein_bottle,1.7782855240217896
390.0500000000544,klein_bottle,sphere,0.07378892893111476
390.0500000000544,sphere,klein_bottle,1.7779769786274382
390.0500000000544,klein_bottle,sphere,0.07383577629634355
390.0500000000544,sphere,klein_bottle,1.7776441823858886
390.0500000000544,klein_bottle,sphere,0.0738763590371586
390.0500000000544,sphere,klein_bottle,1.7773117592342957
390.0500000000544,klein_bottle,sphere,0.07391694770552582
390.0500000000544,sphere,klein_bottle,1.776979336082703
390.0500000000544,klein_bottle,sphere,0.073957527917635
390.0500000000544,sphere,klein_bottle,1.7766467263861319
390.0500000000544,klein_bottle,sphere,0.07399810446287923
390.0500000000544,sphere,klein_bottle,1.7763141166895606
390.0500000000544,klein_bottle,sphere,0.07404477775776358
390.0500000000544,sphere,klein_bottle,1.775981693537968
390.0500000000544,klein_bottle,sphere,0.07408535639057137
390.0500000000544,sphere,klein_bottle,1.7756727750536594
390.0500000000544,klein_bottle,sphere,0.07413828211941338
390.0500000000544,sphere,klein_bottle,1.7753403519020667
390.0500000000544,klein_bottle,sphere,0.07419105894303125
390.0500000000544,sphere,klein_bottle,1.775007928750474
390.0500000000544,klein_bottle,sphere,0.074231629562478
390.0500000000544,sphere,klein_bottle,1.7746753190539029
390.0500000000544,klein_bottle,sphere,0.07427828886398719
390.0500000000544,sphere,klein_bottle,1.7743427093573316
390.0500000000544,klein_bottle,sphere,0.07431884717902966
390.0500000000544,sphere,klein_bottle,1.774010286205739
390.0500000000544,klein_bottle,sphere,0.07435330025639879
390.0500000000544,sphere,klein_bottle,1.773677863054146
390.0500000000544,klein_bottle,sphere,0.07439995883190713
390.0500000000544,sphere,klein_bottle,1.7733689445698377
390.0500000000544,klein_bottle,sphere,0.07444066344388794
390.0500000000544,sphere,klein_bottle,1.7730363348732665
390.0500000000544,klein_bottle,sphere,0.07448121198625914
390.0500000000544,sphere,klein_bottle,1.7727040982666522
390.0500000000544,klein_bottle,sphere,0.0745278697621794
390.0500000000544,sphere,klein_bottle,1.7723713020251026
390.0500000000544,klein_bottle,sphere,0.07456841198587394
390.0500000000544,sphere,klein_bottle,1.7720388788735097
390.0500000000544,klein_bottle,sphere,0.07460285722563892
390.0500000000544,sphere,klein_bottle,1.771706455721917
390.0500000000544,klein_bottle,sphere,0.07464948789918295
390.0500000000544,sphere,klein_bottle,1.7713738460253459
390.0500000000544,klein_bottle,sphere,0.07468392136155566
390.0500000000544,sphere,klein_bottle,1.7710651140860159
390.0500000000544,klein_bottle,sphere,0.0747307190361868
390.0500000000544,sphere,klein_bottle,1.7707323178444663
390.0500000000544,klein_bottle,sphere,0.07477734526804315
390.0500000000544,sphere,klein_bottle,1.7703998946928736
390.0500000000544,klein_bottle,sphere,0.07481787504058428
390.0500000000544,sphere,klein_bottle,1.7700674715412807
390.0500000000544,klein_bottle,sphere,0.07485231244167968
390.0500000000544,sphere,klein_bottle,1.769735048389688
390.0500000000544,klein_bottle,sphere,0.07489893917017378
390.0500000000544,sphere,klein_bottle,1.7694022521481385
390.0500000000544,klein_bottle,sphere,0.07493335159596717
390.0500000000544,sphere,klein_bottle,1.7690700155415242
390.0500000000544,klein_bottle,sphere,0.07497387889551074
390.0500000000544,sphere,klein_bottle,1.7687612836021942
390.0500000000544,klein_bottle,sphere,0.07502674784419658
390.0500000000544,sphere,klein_bottle,1.7684284873606446
390.0500000000544,klein_bottle,sphere,0.07506726030240582
390.0500000000544,sphere,klein_bottle,1.7680960642090517
390.0500000000544,klein_bottle,sphere,0.07510167788891106
390.0500000000544,sphere,klein_bottle,1.767763641057459
390.0500000000544,klein_bottle,sphere,0.07514828869513113
390.0500000000544,sphere,klein_bottle,1.7674312179058662
390.0500000000544,klein_bottle,sphere,0.07518269572068703
390.0500000000544,sphere,klein_bottle,1.7670986082092952
390.0500000000544,klein_bottle,sphere,0.07522319971767717
390.0500000000544,sphere,klein_bottle,1.766765998512724
390.0500000000544,klein_bottle,sphere,0.07526980736396609
390.0500000000544,sphere,klein_bottle,1.766457266573394
390.0500000000544,klein_bottle,sphere,0.07531655702179446
390.0500000000544,sphere,klein_bottle,1.7661246568768227
390.0500000000544,klein_bottle,sphere,0.07535095357138952
390.0500000000544,sphere,klein_bottle,1.76579223372523
390.0500000000544,klein_bottle,sphere,0.07539754845604249
390.0500000000544,sphere,klein_bottle,1.7654596240286589
390.0500000000544,klein_bottle,sphere,0.07543803986328304
390.0500000000544,sphere,klein_bottle,1.7651508920893288
390.0500000000544,klein_bottle,sphere,0.0754786859611498
390.0500000000544,sphere,klein_bottle,1.7648184689377362
390.0500000000544,klein_bottle,sphere,0.07552527284728086
390.0500000000544,sphere,klein_bottle,1.7645095504534276
390.0500000000544,klein_bottle,sphere,0.07557201181478675
390.0500000000544,sphere,klein_bottle,1.764177127301835
390.0500000000544,klein_bottle,sphere,0.0756064016490506
390.0500000000544,sphere,klein_bottle,1.7638443310602854
390.0500000000544,klein_bottle,sphere,0.0756468735163398
390.0500000000544,sphere,klein_bottle,1.763512094453671
390.0500000000544,klein_bottle,sphere,0.07568734661175891
390.0500000000544,sphere,klein_bottle,1.7631794847570998
390.0500000000544,klein_bottle,sphere,0.07572172853010521
390.0500000000544,sphere,klein_bottle,1.7628705662727915
390.0500000000544,klein_bottle,sphere,0.07576845499208454
390.0500000000544,sphere,klein_bottle,1.7625381431211986
390.0500000000544,klein_bottle,sphere,0.07580893152161783
390.0500000000544,sphere,klein_bottle,1.7622294111818688
390.0500000000544,klein_bottle,sphere,0.07584955633056982
390.0500000000544,sphere,klein_bottle,1.7618968014852976
390.0500000000544,klein_bottle,sphere,0.07589612432380187
390.0500000000544,sphere,klein_bottle,1.7615643783337047
390.0500000000544,klein_bottle,sphere,0.07593048404362279
390.0500000000544,sphere,klein_bottle,1.761231955182112
390.0500000000544,klein_bottle,sphere,0.075964853621078
390.0500000000544,sphere,klein_bottle,1.7608995320305192
390.0500000000544,klein_bottle,sphere,0.07601140313759017
390.0500000000544,sphere,klein_bottle,1.7605906135462108
390.0500000000544,klein_bottle,sphere,0.07605201491631636
390.0500000000544,sphere,klein_bottle,1.7602580038496396
390.0500000000544,klein_bottle,sphere,0.07608637646997336
390.0500000000544,sphere,klein_bottle,1.7599492719103098
390.0500000000544,klein_bottle,sphere,0.07613308148715395
390.0500000000544,sphere,klein_bottle,1.759616848758717
390.0500000000544,klein_bottle,sphere,0.07617353610549367
390.0500000000544,sphere,klein_bottle,1.7592840525171674
390.0500000000544,klein_bottle,sphere,0.07620788963103248
390.0500000000544,sphere,klein_bottle,1.7589516293655747
390.0500000000544,klein_bottle,sphere,0.07624832753313204
390.0500000000544,sphere,klein_bottle,1.758643083971223
390.0500000000544,klein_bottle,sphere,0.07629502368000204
390.0500000000544,sphere,klein_bottle,1.7583341654869147
390.0500000000544,klein_bottle,sphere,0.07632342779614822
390.0500000000544,sphere,klein_bottle,1.7580252470026063
390.0500000000544,klein_bottle,sphere,0.07637011671769747
390.0500000000544,sphere,klein_bottle,1.7576928238510134
390.0500000000544,klein_bottle,sphere,0.07641055101129185
390.0500000000544,sphere,klein_bottle,1.7573604006994208
390.0500000000544,klein_bottle,sphere,0.07644488771606733
390.0500000000544,sphere,klein_bottle,1.7570514822151124
390.0500000000544,klein_bottle,sphere,0.07648548607856874
390.0500000000544,sphere,klein_bottle,1.7567429368207608
390.0500000000544,klein_bottle,sphere,0.07652606669851872
390.0500000000544,sphere,klein_bottle,1.7564340183364524
390.0500000000544,klein_bottle,sphere,0.07657274315355204
390.0500000000544,sphere,klein_bottle,1.756125472942101
390.0500000000544,klein_bottle,sphere,0.07661941350394033
390.0500000000544,sphere,klein_bottle,1.7557926767005514
390.0500000000544,klein_bottle,sphere,0.07665983069647107
390.0500000000544,sphere,klein_bottle,1.7554602535489585
390.0500000000544,klein_bottle,sphere,0.07670024792034341
390.0500000000544,sphere,klein_bottle,1.7551515216096285
390.0500000000544,klein_bottle,sphere,0.07673473336068463
390.0500000000544,sphere,klein_bottle,1.7548427896702987
390.0500000000544,klein_bottle,sphere,0.07677530464771205
390.0500000000544,sphere,klein_bottle,1.7545338711859901
390.0500000000544,klein_bottle,sphere,0.07680978475349105
390.0500000000544,sphere,klein_bottle,1.7542253257916387
390.0500000000544,klein_bottle,sphere,0.0768625397959215
390.0500000000544,sphere,klein_bottle,1.7538925295500891
390.0500000000544,klein_bottle,sphere,0.0768968552485474
390.0500000000544,sphere,klein_bottle,1.7535601063984962
390.0500000000544,klein_bottle,sphere,0.0769189848843792
390.0500000000544,sphere,klein_bottle,1.7532511879141879
390.0500000000544,klein_bottle,sphere,0.07696563075517986
390.0500000000544,sphere,klein_bottle,1.7529426425198364
390.0500000000544,klein_bottle,sphere,0.07701227651603933
390.0500000000544,sphere,klein_bottle,1.752633724035528
390.0500000000544,klein_bottle,sphere,0.07705283649899727
390.0500000000544,sphere,klein_bottle,1.7523248055512195
390.0500000000544,klein_bottle,sphere,0.07709948066139503
390.0500000000544,sphere,klein_bottle,1.752016260156868
390.0500000000544,klein_bottle,sphere,0.07714612471811118
390.0500000000544,sphere,klein_bottle,1.7517073416725597
390.0500000000544,klein_bottle,sphere,0.07718667152671217
390.0500000000544,sphere,klein_bottle,1.751398796278208
390.0500000000544,klein_bottle,sphere,0.07723331051652202
390.0500000000544,sphere,klein_bottle,1.7510660000366585
390.0500000000544,klein_bottle,sphere,0.07727369152611267
390.0500000000544,sphere,klein_bottle,1.7507809593095913
390.0500000000544,klein_bottle,sphere,0.07732047801046434
390.0500000000544,sphere,klein_bottle,1.7504961051275025
390.0500000000544,klein_bottle,sphere,0.07736726931672594
390.0500000000544,sphere,klein_bottle,1.7502110644004354
390.0500000000544,klein_bottle,sphere,0.07741404499233961
390.0500000000544,sphere,klein_bottle,1.7498786412488427
390.0500000000544,klein_bottle,sphere,0.07745443061670172
390.0500000000544,sphere,klein_bottle,1.7495460315522715
390.0500000000544,klein_bottle,sphere,0.07748870959057068
390.0500000000544,sphere,klein_bottle,1.7492609908252044
390.0500000000544,klein_bottle,sphere,0.07752330838943987
390.0500000000544,sphere,klein_bottle,1.748975950098137
390.0500000000544,klein_bottle,sphere,0.07757009269014375
390.0500000000544,sphere,klein_bottle,1.7486909093710699
390.0500000000544,klein_bottle,sphere,0.07762295313631402
390.0500000000544,sphere,klein_bottle,1.7483584862194772
390.0500000000544,klein_bottle,sphere,0.07766331483901584
390.0500000000544,sphere,klein_bottle,1.7480260630678843
390.0500000000544,klein_bottle,sphere,0.07769149973143283
390.0500000000544,sphere,klein_bottle,1.7477410223408172
390.0500000000544,klein_bottle,sphere,0.07772609440050887
390.0500000000544,sphere,klein_bottle,1.74745598161375
390.0500000000544,klein_bottle,sphere,0.0777728550250766
390.0500000000544,sphere,klein_bottle,1.747170940886683
390.0500000000544,klein_bottle,sphere,0.07781961921015551
390.0500000000544,sphere,klein_bottle,1.7468383311901117
390.0500000000544,klein_bottle,sphere,0.07785388447827288
390.0500000000544,sphere,klein_bottle,1.7465057214935404
390.0500000000544,klein_bottle,sphere,0.07789423698973844
390.0500000000544,sphere,klein_bottle,1.7462208673114519
390.0500000000544,klein_bottle,sphere,0.07794098329787268
390.0500000000544,sphere,klein_bottle,1.745936013129363
390.0500000000544,klein_bottle,sphere,0.07798165009243992
390.0500000000544,sphere,klein_bottle,1.7456507858573174
390.0500000000544,klein_bottle,sphere,0.07802840113295989
390.0500000000544,sphere,klein_bottle,1.7453420539179874
390.0500000000544,klein_bottle,sphere,0.0780567352496411
390.0500000000544,sphere,klein_bottle,1.7450570131909202
390.0500000000544,klein_bottle,sphere,0.07810347710798866
390.0500000000544,sphere,klein_bottle,1.744771972463853
390.0500000000544,klein_bottle,sphere,0.07815021655081283
390.0500000000544,sphere,klein_bottle,1.744486931736786
390.0500000000544,klein_bottle,sphere,0.07820304783330753
390.0500000000544,sphere,klein_bottle,1.744178199797456
390.0500000000544,klein_bottle,sphere,0.07824353825337757
390.0500000000544,sphere,klein_bottle,1.743869467858126
390.0500000000544,klein_bottle,sphere,0.0782779444082376
390.0500000000544,sphere,klein_bottle,1.7435844271310588
390.0500000000544,klein_bottle,sphere,0.07832467429155278
390.0500000000544,sphere,klein_bottle,1.7432756951917288
390.0500000000544,klein_bottle,sphere,0.07836515793648988
390.0500000000544,sphere,klein_bottle,1.7429904679196833
390.0500000000544,klein_bottle,sphere,0.07841189371070968
390.0500000000544,sphere,klein_bottle,1.7426819225253316
390.0500000000544,klein_bottle,sphere,0.07846453667515792
390.0500000000544,sphere,klein_bottle,1.7423968817982645
390.0500000000544,klein_bottle,sphere,0.07851126864375876
390.0500000000544,sphere,klein_bottle,1.7421118410711973
390.0500000000544,klein_bottle,sphere,0.07855798624934385
390.0500000000544,sphere,klein_bottle,1.7418268003441302
390.0500000000544,klein_bottle,sphere,0.07860471338630932
390.0500000000544,sphere,klein_bottle,1.741541759617063
390.0500000000544,klein_bottle,sphere,0.07864533944634951
390.0500000000544,sphere,klein_bottle,1.741256718889996
390.0500000000544,klein_bottle,sphere,0.07869204995713971
390.0500000000544,sphere,klein_bottle,1.7409716781629285
390.0500000000544,klein_bottle,sphere,0.0787448444640572
390.0500000000544,sphere,klein_bottle,1.7406866374358614
390.0500000000544,klein_bottle,sphere,0.07879156193823858
390.0500000000544,sphere,klein_bottle,1.7404017832537728
390.0500000000544,klein_bottle,sphere,0.07883218620018996
390.0500000000544,sphere,klein_bottle,1.7401167425267055
390.0500000000544,klein_bottle,sphere,0.07887889899510789
390.0500000000544,sphere,klein_bottle,1.73983151525466
390.0500000000544,klein_bottle,sphere,0.07893167597624365
390.0500000000544,sphere,klein_bottle,1.7395466610725712
390.0500000000544,klein_bottle,sphere,0.07897837313032653
390.0500000000544,sphere,klein_bottle,1.7392614338005254
390.0500000000544,klein_bottle,sphere,0.07902507723906399
390.0500000000544,sphere,klein_bottle,1.7389763930734583
390.0500000000544,klein_bottle,sphere,0.0790717623034415
390.0500000000544,sphere,klein_bottle,1.7386915388913697
390.0500000000544,klein_bottle,sphere,0.07911846415759301
390.0500000000544,sphere,klein_bottle,1.738406684709281
390.0500000000544,klein_bottle,sphere,0.07916515762596318
390.0500000000544,sphere,klein_bottle,1.7381216439822138
390.0500000000544,klein_bottle,sphere,0.07921792631420208
390.0500000000544,sphere,klein_bottle,1.7378366032551464
390.0500000000544,klein_bottle,sphere,0.07925852876614385
390.0500000000544,sphere,klein_bottle,1.7375515625280793
390.0500000000544,klein_bottle,sphere,0.0793113042631704
390.0500000000544,sphere,klein_bottle,1.7372665218010122
390.0500000000544,klein_bottle,sphere,0.07935189621621382
390.0500000000544,sphere,klein_bottle,1.736981481073945
390.0500000000544,klein_bottle,sphere,0.07939857631815138
390.0500000000544,sphere,klein_bottle,1.7366964403468779
390.0500000000544,klein_bottle,sphere,0.07943916986617587
390.0500000000544,sphere,klein_bottle,1.7364113996198107
390.0500000000544,klein_bottle,sphere,0.07948583931836348
390.0500000000544,sphere,klein_bottle,1.7361263588927434
390.0500000000544,klein_bottle,sphere,0.07953859019096794
390.0500000000544,sphere,klein_bottle,1.7358413181656762
390.0500000000544,klein_bottle,sphere,0.0795852606317887
390.0500000000544,sphere,klein_bottle,1.7355564639835876
390.0500000000544,klein_bottle,sphere,0.07963192995541771
390.0500000000544,sphere,klein_bottle,1.735271236711542
390.0500000000544,klein_bottle,sphere,0.0796785942675036
390.0500000000544,sphere,klein_bottle,1.7349861959844748
390.0500000000544,klein_bottle,sphere,0.07972526343223243
390.0500000000544,sphere,klein_bottle,1.734701341802386
390.0500000000544,klein_bottle,sphere,0.07977191357291914
390.0500000000544,sphere,klein_bottle,1.7344161145303403
390.0500000000544,klein_bottle,sphere,0.07982464759375592
390.0500000000544,sphere,klein_bottle,1.7341312603482517
390.0500000000544,klein_bottle,sphere,0.07986523385772977
390.0500000000544,sphere,klein_bottle,1.733846406166163
390.0500000000544,klein_bottle,sphere,0.07991188272611043
390.0500000000544,sphere,klein_bottle,1.7335613654390958
390.0500000000544,klein_bottle,sphere,0.0799646163184645
390.0500000000544,sphere,klein_bottle,1.7332763247120286
390.0500000000544,klein_bottle,sphere,0.08001125890331114
390.0500000000544,sphere,klein_bottle,1.7329912839849613
390.0500000000544,klein_bottle,sphere,0.08005182287322192
390.0500000000544,sphere,klein_bottle,1.7327062432578941
390.0500000000544,klein_bottle,sphere,0.08009846674832848
390.0500000000544,sphere,klein_bottle,1.732421202530827
390.0500000000544,klein_bottle,sphere,0.08013902037405897
390.0500000000544,sphere,klein_bottle,1.7321361618037598
390.0500000000544,klein_bottle,sphere,0.08018566553889123
390.0500000000544,sphere,klein_bottle,1.7318511210766927
390.0500000000544,klein_bottle,sphere,0.08023229635198156
390.0500000000544,sphere,klein_bottle,1.7315660803496256
390.0500000000544,klein_bottle,sphere,0.08027893668631336
390.0500000000544,sphere,klein_bottle,1.7312810396225584
390.0500000000544,klein_bottle,sphere,0.08032556266952964
390.0500000000544,sphere,klein_bottle,1.730995998895491
390.0500000000544,klein_bottle,sphere,0.08037218623798129
390.0500000000544,sphere,klein_bottle,1.730710958168424
390.0500000000544,klein_bottle,sphere,0.08041881932682962
390.0500000000544,sphere,klein_bottle,1.7304259174413568
390.0500000000544,klein_bottle,sphere,0.0804593632278226
390.0500000000544,sphere,klein_bottle,1.730141063259268
390.0500000000544,klein_bottle,sphere,0.0805059810160376
390.0500000000544,sphere,klein_bottle,1.7298558359872225
390.0500000000544,klein_bottle,sphere,0.08055259973090292
390.0500000000544,sphere,klein_bottle,1.7295709818051337
390.0500000000544,klein_bottle,sphere,0.0805992186581339
390.0500000000544,sphere,klein_bottle,1.729285754533088
390.0500000000544,klein_bottle,sphere,0.08064583254147283
390.0500000000544,sphere,klein_bottle,1.7290009003509994
390.0500000000544,klein_bottle,sphere,0.0806985207212806
390.0500000000544,sphere,klein_bottle,1.7287160461689106
390.0500000000544,klein_bottle,sphere,0.08074512628900296
390.0500000000544,sphere,klein_bottle,1.728430818896865
390.0500000000544,klein_bottle,sphere,0.08078565899645596
390.0500000000544,sphere,klein_bottle,1.7281459647147763
390.0500000000544,klein_bottle,sphere,0.08083225392141
390.0500000000544,sphere,klein_bottle,1.727860923987709
390.0500000000544,klein_bottle,sphere,0.08087886301271618
390.0500000000544,sphere,klein_bottle,1.7275758832606418
390.0500000000544,klein_bottle,sphere,0.08092545775697749
390.0500000000544,sphere,klein_bottle,1.7272908425335747
390.0500000000544,klein_bottle,sphere,0.08097205008667906
390.0500000000544,sphere,klein_bottle,1.7270058018065075
390.0500000000544,klein_bottle,sphere,0.08102473092020444
390.0500000000544,sphere,klein_bottle,1.7267207610794404
390.0500000000544,klein_bottle,sphere,0.0810773971045972
390.0500000000544,sphere,klein_bottle,1.7264357203523732
390.0500000000544,klein_bottle,sphere,0.08112398785273364
390.0500000000544,sphere,klein_bottle,1.7261506796253059
390.0500000000544,klein_bottle,sphere,0.08117664278823859
390.0500000000544,sphere,klein_bottle,1.7258656388982387
390.0500000000544,klein_bottle,sphere,0.08122930693662844
390.0500000000544,sphere,klein_bottle,1.7255805981711716
390.0500000000544,klein_bottle,sphere,0.08127589013770994
390.0500000000544,sphere,klein_bottle,1.7252955574441045
390.0500000000544,klein_bottle,sphere,0.08132853707256744
390.0500000000544,sphere,klein_bottle,1.7250105167170373
390.0500000000544,klein_bottle,sphere,0.0813811932194703
390.0500000000544,sphere,klein_bottle,1.7247254759899702
390.0500000000544,klein_bottle,sphere,0.081427768873647
390.0500000000544,sphere,klein_bottle,1.7244404352629028
390.0500000000544,klein_bottle,sphere,0.08148041377231466
390.0500000000544,sphere,klein_bottle,1.7241555810808142
390.0500000000544,klein_bottle,sphere,0.08153306921210611
390.0500000000544,sphere,klein_bottle,1.7238705403537469
390.0500000000544,klein_bottle,sphere,0.08157963135601362
390.0500000000544,sphere,klein_bottle,1.7235854996266797
390.0500000000544,klein_bottle,sphere,0.08162618512171652
390.0500000000544,sphere,klein_bottle,1.7233004588996126
390.0500000000544,klein_bottle,sphere,0.08167882541835701
390.0500000000544,sphere,klein_bottle,1.7230156047175238
390.0500000000544,klein_bottle,sphere,0.08172538150122347
390.0500000000544,sphere,klein_bottle,1.7227305639904567
390.0500000000544,klein_bottle,sphere,0.08177194576393287
390.0500000000544,sphere,klein_bottle,1.7224455232633895
390.0500000000544,klein_bottle,sphere,0.08183064881152817
390.0500000000544,sphere,klein_bottle,1.7221604825363224
390.0500000000544,klein_bottle,sphere,0.08187719601555972
390.0500000000544,sphere,klein_bottle,1.7218754418092552
390.0500000000544,klein_bottle,sphere,0.08192375273126709
390.0500000000544,sphere,klein_bottle,1.721590401082188
390.0500000000544,klein_bottle,sphere,0.08198244732378424
390.0500000000544,sphere,klein_bottle,1.7213053603551207
390.0500000000544,klein_bottle,sphere,0.08202898698180729
390.0500000000544,sphere,klein_bottle,1.7210203196280536
390.0500000000544,klein_bottle,sphere,0.08207553615066289
390.0500000000544,sphere,klein_bottle,1.7207352789009864
390.0500000000544,klein_bottle,sphere,0.08212814067176188
390.0500000000544,sphere,klein_bottle,1.7204502381739193
390.0500000000544,klein_bottle,sphere,0.08217468486001589
390.0500000000544,sphere,klein_bottle,1.7201653839918305
390.0500000000544,klein_bottle,sphere,0.08222121008913644
390.0500000000544,sphere,klein_bottle,1.719880156719785
390.0500000000544,klein_bottle,sphere,0.08227381734423447
390.0500000000544,sphere,klein_bottle,1.7195953025376962
390.0500000000544,klein_bottle,sphere,0.08232034951911493
390.0500000000544,sphere,klein_bottle,1.719310261810629
390.0500000000544,klein_bottle,sphere,0.08236687793687367
390.0500000000544,sphere,klein_bottle,1.7190252210835617
390.0500000000544,klein_bottle,sphere,0.08241340394024421
390.0500000000544,sphere,klein_bottle,1.7187403669014731
390.0500000000544,klein_bottle,sphere,0.08245992291378047
390.0500000000544,sphere,klein_bottle,1.7184551396294274
390.0500000000544,klein_bottle,sphere,0.0825125171849572
390.0500000000544,sphere,klein_bottle,1.7181700989023603
390.0500000000544,klein_bottle,sphere,0.08255902983288148
390.0500000000544,sphere,klein_bottle,1.7178852447202715
390.0500000000544,klein_bottle,sphere,0.08261162151535208
390.0500000000544,sphere,klein_bottle,1.7176002039932043
390.0500000000544,klein_bottle,sphere,0.08266420913298811
390.0500000000544,sphere,klein_bottle,1.7173151632661372
390.0500000000544,klein_bottle,sphere,0.08271071423638433
390.0500000000544,sphere,klein_bottle,1.71703012253907
390.0500000000544,klein_bottle,sphere,0.08276329061068839
390.0500000000544,sphere,klein_bottle,1.716745081812003
390.0500000000544,klein_bottle,sphere,0.08281586426804784
390.0500000000544,sphere,klein_bottle,1.7164600410849356
390.0500000000544,klein_bottle,sphere,0.08286236778671605
390.0500000000544,sphere,klein_bottle,1.7161750003578684
390.0500000000544,klein_bottle,sphere,0.08291493616158095
390.0500000000544,sphere,klein_bottle,1.7158899596308013
390.0500000000544,klein_bottle,sphere,0.08296749585971208
390.0500000000544,sphere,klein_bottle,1.7156049189037341
390.0500000000544,klein_bottle,sphere,0.08301399779291074
390.0500000000544,sphere,klein_bottle,1.715319878176667
390.0500000000544,klein_bottle,sphere,0.08306049135209014
390.0500000000544,sphere,klein_bottle,1.7150348374495998
390.0500000000544,klein_bottle,sphere,0.08311305512156782
390.0500000000544,sphere,klein_bottle,1.7147497967225325
390.0500000000544,klein_bottle,sphere,0.08315953774170592
390.0500000000544,sphere,klein_bottle,1.7144647559954653
390.0500000000544,klein_bottle,sphere,0.08320602390711083
390.0500000000544,sphere,klein_bottle,1.7141799018133768
390.0500000000544,klein_bottle,sphere,0.08325856926985603
390.0500000000544,sphere,klein_bottle,1.7138948610863094
390.0500000000544,klein_bottle,sphere,0.08330505641545123
390.0500000000544,sphere,klein_bottle,1.7136100069042208
390.0500000000544,klein_bottle,sphere,0.08335153059028916
390.0500000000544,sphere,klein_bottle,1.713324779632175
390.0500000000544,klein_bottle,sphere,0.08339801154651494
390.0500000000544,sphere,klein_bottle,1.7130399254500863
390.0500000000544,klein_bottle,sphere,0.08344448089511027
390.0500000000544,sphere,klein_bottle,1.7127548847230192
390.0500000000544,klein_bottle,sphere,0.08349095838466997
390.0500000000544,sphere,klein_bottle,1.7124696574509737
390.0500000000544,klein_bottle,sphere,0.08353742017972414
390.0500000000544,sphere,klein_bottle,1.712184803268885
390.0500000000544,klein_bottle,sphere,0.08358994744113223
390.0500000000544,sphere,klein_bottle,1.7118997625418177
390.0500000000544,klein_bottle,sphere,0.08364248253763583
390.0500000000544,sphere,klein_bottle,1.7116147218147504
390.0500000000544,klein_bottle,sphere,0.08368894411035256
390.0500000000544,sphere,klein_bottle,1.7113296810876832
390.0500000000544,klein_bottle,sphere,0.08374147392449592
390.0500000000544,sphere,klein_bottle,1.711044640360616
390.0500000000544,klein_bottle,sphere,0.08379399506443085
390.0500000000544,sphere,klein_bottle,1.710759599633549
390.0500000000544,klein_bottle,sphere,0.08384044909253081
390.0500000000544,sphere,klein_bottle,1.7104745589064818
390.0500000000544,klein_bottle,sphere,0.08388689474970969
390.0500000000544,sphere,klein_bottle,1.7101895181794147
390.0500000000544,klein_bottle,sphere,0.08393941995650511
390.0500000000544,sphere,klein_bottle,1.7099044774523473
390.0500000000544,klein_bottle,sphere,0.08398584872130548
390.0500000000544,sphere,klein_bottle,1.7096194367252802
390.0500000000544,klein_bottle,sphere,0.08403229889942924
390.0500000000544,sphere,klein_bottle,1.709334395998213
390.0500000000544,klein_bottle,sphere,0.0840848043456134
390.0500000000544,sphere,klein_bottle,1.7090493552711459
390.0500000000544,klein_bottle,sphere,0.08413124358802894
390.0500000000544,sphere,klein_bottle,1.7087643145440787
390.0500000000544,klein_bottle,sphere,0.08417768041663769
390.0500000000544,sphere,klein_bottle,1.7084792738170116
390.0500000000544,klein_bottle,sphere,0.08422411483145556
390.0500000000544,sphere,klein_bottle,1.7081942330899442
390.0500000000544,klein_bottle,sphere,0.08427054683249847
390.0500000000544,sphere,klein_bottle,1.707909565452834
390.0500000000544,klein_bottle,sphere,0.08432303610082074
390.0500000000544,sphere,klein_bottle,1.7076245247257669
390.0500000000544,klein_bottle,sphere,0.08436946312476179
390.0500000000544,sphere,klein_bottle,1.7073394839986997
390.0500000000544,klein_bottle,sphere,0.08442195031452993
390.0500000000544,sphere,klein_bottle,1.7070544432716326
390.0500000000544,klein_bottle,sphere,0.08446837831494676
390.0500000000544,sphere,klein_bottle,1.7067694025445652
390.0500000000544,klein_bottle,sphere,0.08451479199120142
390.0500000000544,sphere,klein_bottle,1.706484361817498
390.0500000000544,klein_bottle,sphere,0.0845612092090119
390.0500000000544,sphere,klein_bottle,1.706199321090431
390.0500000000544,klein_bottle,sphere,0.084613685987434
390.0500000000544,sphere,klein_bottle,1.7059142803633638
390.0500000000544,klein_bottle,sphere,0.084660092271978
390.0500000000544,sphere,klein_bottle,1.7056292396362966
390.0500000000544,klein_bottle,sphere,0.08470650209768026
390.0500000000544,sphere,klein_bottle,1.7053441989092295
390.0500000000544,klein_bottle,sphere,0.08476503850475242
390.0500000000544,sphere,klein_bottle,1.7050591581821621
390.0500000000544,klein_bottle,sphere,0.08481144915465483
390.0500000000544,sphere,klein_bottle,1.704774117455095
390.0500000000544,klein_bottle,sphere,0.08485784548258944
390.0500000000544,sphere,klein_bottle,1.7044892632730064
390.0500000000544,klein_bottle,sphere,0.08491637482519215
390.0500000000544,sphere,klein_bottle,1.7042040360009607
390.0500000000544,klein_bottle,sphere,0.08496277059003264
390.0500000000544,sphere,klein_bottle,1.7039189952738936
390.0500000000544,klein_bottle,sphere,0.08500915937513867
390.0500000000544,sphere,klein_bottle,1.7036341410918048
390.0500000000544,klein_bottle,sphere,0.08506161370276408
390.0500000000544,sphere,klein_bottle,1.7033491003647376
390.0500000000544,klein_bottle,sphere,0.08510800346407633
390.0500000000544,sphere,klein_bottle,1.7030642461826488
390.0500000000544,klein_bottle,sphere,0.08515439220333458
390.0500000000544,sphere,klein_bottle,1.7027792054555817
390.0500000000544,klein_bottle,sphere,0.08520077713848301
390.0500000000544,sphere,klein_bottle,1.7024941647285146
390.0500000000544,klein_bottle,sphere,0.08525321966756344
390.0500000000544,sphere,klein_bottle,1.7022091240014474
390.0500000000544,klein_bottle,sphere,0.0852995936718076
390.0500000000544,sphere,klein_bottle,1.7019240832743803
390.0500000000544,klein_bottle,sphere,0.08534597716804752
390.0500000000544,sphere,klein_bottle,1.701639042547313
390.0500000000544,klein_bottle,sphere,0.08539234634576705
390.0500000000544,sphere,klein_bottle,1.7013540018202458
390.0500000000544,klein_bottle,sphere,0.08543871311039679
390.0500000000544,sphere,klein_bottle,1.7010689610931786
390.0500000000544,klein_bottle,sphere,0.08548508341406554
390.0500000000544,sphere,klein_bottle,1.7007839203661115
390.0500000000544,klein_bottle,sphere,0.08553145130437914
390.0500000000544,sphere,klein_bottle,1.7004988796390443
390.0500000000544,klein_bottle,sphere,0.0855899406296227
390.0500000000544,sphere,klein_bottle,1.7002138389119772
390.0500000000544,klein_bottle,sphere,0.08563629743884722
390.0500000000544,sphere,klein_bottle,1.6999287981849098
390.0500000000544,klein_bottle,sphere,0.08568265778658125
390.0500000000544,sphere,klein_bottle,1.6996439440028213
390.0500000000544,klein_bottle,sphere,0.08573508751934314
390.0500000000544,sphere,klein_bottle,1.699358903275754
390.0500000000544,klein_bottle,sphere,0.08578143693847767
390.0500000000544,sphere,klein_bottle,1.6990736760037084
390.0500000000544,klein_bottle,sphere,0.08582778849288461
390.0500000000544,sphere,klein_bottle,1.6987888218216196
390.0500000000544,klein_bottle,sphere,0.08588019252930794
390.0500000000544,sphere,klein_bottle,1.6985035945495741
390.0500000000544,klein_bottle,sphere,0.08593260294429904
390.0500000000544,sphere,klein_bottle,1.6982187403674853
390.0500000000544,klein_bottle,sphere,0.0859789438132513
390.0500000000544,sphere,klein_bottle,1.6979338861853965
390.0500000000544,klein_bottle,sphere,0.08602528822135967
390.0500000000544,sphere,klein_bottle,1.6976488454583294
390.0500000000544,klein_bottle,sphere,0.08607769219662162
390.0500000000544,sphere,klein_bottle,1.6973638047312622
390.0500000000544,klein_bottle,sphere,0.08612403617172822
390.0500000000544,sphere,klein_bottle,1.697078764004195
390.0500000000544,klein_bottle,sphere,0.08617035988329697
390.0500000000544,sphere,klein_bottle,1.6967935367321494
390.0500000000544,klein_bottle,sphere,0.08621669167266931
390.0500000000544,sphere,klein_bottle,1.6965086825500606
390.0500000000544,klein_bottle,sphere,0.0862630298175248
390.0500000000544,sphere,klein_bottle,1.6962236418229935
390.0500000000544,klein_bottle,sphere,0.08630935224038422
390.0500000000544,sphere,klein_bottle,1.6959386010959263
390.0500000000544,klein_bottle,sphere,0.08635567225046072
390.0500000000544,sphere,klein_bottle,1.6956535603688592
390.0500000000544,klein_bottle,sphere,0.08641411449898477
390.0500000000544,sphere,klein_bottle,1.695368519641792
390.0500000000544,klein_bottle,sphere,0.08646042938065701
390.0500000000544,sphere,klein_bottle,1.6950834789147247
390.0500000000544,klein_bottle,sphere,0.0865067537475793
390.0500000000544,sphere,klein_bottle,1.6947984381876575
390.0500000000544,klein_bottle,sphere,0.08655911972593903
390.0500000000544,sphere,klein_bottle,1.6945133974605904
390.0500000000544,klein_bottle,sphere,0.0866054391152575
390.0500000000544,sphere,klein_bottle,1.6942283567335232
390.0500000000544,klein_bottle,sphere,0.0866517441942043
390.0500000000544,sphere,klein_bottle,1.693943316006456
390.0500000000544,klein_bottle,sphere,0.08669805875727676
390.0500000000544,sphere,klein_bottle,1.6936586483693457
390.0500000000544,klein_bottle,sphere,0.0867504171648306
390.0500000000544,sphere,klein_bottle,1.6933736076422785
390.0500000000544,klein_bottle,sphere,0.08679672675200417
390.0500000000544,sphere,klein_bottle,1.6930881938252544
390.0500000000544,klein_bottle,sphere,0.08684301918995557
390.0500000000544,sphere,klein_bottle,1.6928033396431656
390.0500000000544,klein_bottle,sphere,0.08688932537027737
390.0500000000544,sphere,klein_bottle,1.6925182989160985
390.0500000000544,klein_bottle,sphere,0.08693561582205542
390.0500000000544,sphere,klein_bottle,1.69223344473401
390.0500000000544,klein_bottle,sphere,0.08698191717868399
390.0500000000544,sphere,klein_bottle,1.6919484040069426
390.0500000000544,klein_bottle,sphere,0.0870281909111073
390.0500000000544,sphere,klein_bottle,1.6916633632798754
390.0500000000544,klein_bottle,sphere,0.08708659453731876
390.0500000000544,sphere,klein_bottle,1.6913783225528083
390.0500000000544,klein_bottle,sphere,0.08713288693094018
390.0500000000544,sphere,klein_bottle,1.6910932818257411
390.0500000000544,klein_bottle,sphere,0.08717916501763674
390.0500000000544,sphere,klein_bottle,1.690808241098674
390.0500000000544,klein_bottle,sphere,0.08723756019455726
390.0500000000544,sphere,klein_bottle,1.6905232003716069
390.0500000000544,klein_bottle,sphere,0.08728383910003654
390.0500000000544,sphere,klein_bottle,1.6902381596445395
390.0500000000544,klein_bottle,sphere,0.08733011559276037
390.0500000000544,sphere,klein_bottle,1.6899531189174724
390.0500000000544,klein_bottle,sphere,0.0873824370771734
390.0500000000544,sphere,klein_bottle,1.6896680781904052
390.0500000000544,klein_bottle,sphere,0.08742870859330124
390.0500000000544,sphere,klein_bottle,1.6893832240083164
390.0500000000544,klein_bottle,sphere,0.0874749791274935
390.0500000000544,sphere,klein_bottle,1.689097996736271
390.0500000000544,klein_bottle,sphere,0.08752125033332366
390.0500000000544,sphere,klein_bottle,1.6888131425541821
390.0500000000544,klein_bottle,sphere,0.08757356878929615
390.0500000000544,sphere,klein_bottle,1.688528101827115
390.0500000000544,klein_bottle,sphere,0.08761982455847726
390.0500000000544,sphere,klein_bottle,1.6882432476450262
390.0500000000544,klein_bottle,sphere,0.08766609124018057
390.0500000000544,sphere,klein_bottle,1.6879580203729807
390.0500000000544,klein_bottle,sphere,0.08771234075037444
390.0500000000544,sphere,klein_bottle,1.687673166190892
390.0500000000544,klein_bottle,sphere,0.08775859666298864
390.0500000000544,sphere,klein_bottle,1.6873881254638248
390.0500000000544,klein_bottle,sphere,0.08780484278322642
390.0500000000544,sphere,klein_bottle,1.687102898191779
390.0500000000544,klein_bottle,sphere,0.08785109099885288
390.0500000000544,sphere,klein_bottle,1.6868180440096903
390.0500000000544,klein_bottle,sphere,0.0879094489946818
390.0500000000544,sphere,klein_bottle,1.6865330032826231
390.0500000000544,klein_bottle,sphere,0.08795568757512948
390.0500000000544,sphere,klein_bottle,1.686247962555556
390.0500000000544,klein_bottle,sphere,0.08800193563211632
390.0500000000544,sphere,klein_bottle,1.6859629218284888
390.0500000000544,klein_bottle,sphere,0.08805422656511357
390.0500000000544,sphere,klein_bottle,1.6856778811014217
390.0500000000544,klein_bottle,sphere,0.0881065207271566
390.0500000000544,sphere,klein_bottle,1.6853928403743543
390.0500000000544,klein_bottle,sphere,0.08815274935548643
390.0500000000544,sphere,klein_bottle,1.6851077996472872
390.0500000000544,klein_bottle,sphere,0.08820502635089082
390.0500000000544,sphere,klein_bottle,1.68482275892022
390.0500000000544,klein_bottle,sphere,0.08825731251888802
390.0500000000544,sphere,klein_bottle,1.684537718193153
390.0500000000544,klein_bottle,sphere,0.08830353360792931
390.0500000000544,sphere,klein_bottle,1.6842526774660858
390.0500000000544,klein_bottle,sphere,0.08834976417154407
390.0500000000544,sphere,klein_bottle,1.6839676367390186
390.0500000000544,klein_bottle,sphere,0.08840203655342814
390.0500000000544,sphere,klein_bottle,1.6836827825569298
390.0500000000544,klein_bottle,sphere,0.08844825764479138
390.0500000000544,sphere,klein_bottle,1.6833977418298627
390.0500000000544,klein_bottle,sphere,0.088494468934385
390.0500000000544,sphere,klein_bottle,1.683112887647774
390.0500000000544,klein_bottle,sphere,0.08854069114629175
390.0500000000544,sphere,klein_bottle,1.6828278469207067
390.0500000000544,klein_bottle,sphere,0.08858690355488827
390.0500000000544,sphere,klein_bottle,1.6825428061936396
390.0500000000544,klein_bottle,sphere,0.08863310166625968
390.0500000000544,sphere,klein_bottle,1.6822577654665722
390.0500000000544,klein_bottle,sphere,0.08867930925053458
390.0500000000544,sphere,klein_bottle,1.681972724739505
390.0500000000544,klein_bottle,sphere,0.0887376185956706
390.0500000000544,sphere,klein_bottle,1.681687684012438
390.0500000000544,klein_bottle,sphere,0.08878382105271464
390.0500000000544,sphere,klein_bottle,1.6814026432853708
390.0500000000544,klein_bottle,sphere,0.0888300270393662
390.0500000000544,sphere,klein_bottle,1.6811176025583037
390.0500000000544,klein_bottle,sphere,0.08888227927519007
390.0500000000544,sphere,klein_bottle,1.6808325618312365
390.0500000000544,klein_bottle,sphere,0.08892846246084253
390.0500000000544,sphere,klein_bottle,1.6805475211041692
390.0500000000544,klein_bottle,sphere,0.0889746551177135
390.0500000000544,sphere,klein_bottle,1.680262480377102
390.0500000000544,klein_bottle,sphere,0.08902083942113205
390.0500000000544,sphere,klein_bottle,1.6799776261950135
390.0500000000544,klein_bottle,sphere,0.08907913076624098
390.0500000000544,sphere,klein_bottle,1.679692585467946
390.0500000000544,klein_bottle,sphere,0.08913136973133588
390.0500000000544,sphere,klein_bottle,1.6794073581959006
390.0500000000544,klein_bottle,sphere,0.08917754488591778
390.0500000000544,sphere,klein_bottle,1.6791223174688334
390.0500000000544,klein_bottle,sphere,0.08922373096890984
390.0500000000544,sphere,klein_bottle,1.6788374632867447
390.0500000000544,klein_bottle,sphere,0.0892699042197061
390.0500000000544,sphere,klein_bottle,1.678552236014699
390.0500000000544,klein_bottle,sphere,0.08931607213620854
390.0500000000544,sphere,klein_bottle,1.6782673818326104
390.0500000000544,klein_bottle,sphere,0.08936225244545955
390.0500000000544,sphere,klein_bottle,1.6779825276505216
390.0500000000544,klein_bottle,sphere,0.08942051839996965
390.0500000000544,sphere,klein_bottle,1.6776974869234544
390.0500000000544,klein_bottle,sphere,0.08946668618098859
390.0500000000544,sphere,klein_bottle,1.6774122596514087
390.0500000000544,klein_bottle,sphere,0.08951285008460415
390.0500000000544,sphere,klein_bottle,1.67712740546932
390.0500000000544,klein_bottle,sphere,0.08957111947482635
390.0500000000544,sphere,klein_bottle,1.6768423647422528
390.0500000000544,klein_bottle,sphere,0.08961727377753745
390.0500000000544,sphere,klein_bottle,1.6765573240151856
390.0500000000544,klein_bottle,sphere,0.08966342566857158
390.0500000000544,sphere,klein_bottle,1.6762722832881185
390.0500000000544,klein_bottle,sphere,0.08972167920739486
390.0500000000544,sphere,klein_bottle,1.6759872425610514
390.0500000000544,klein_bottle,sphere,0.08977387191161314
390.0500000000544,sphere,klein_bottle,1.675702201833984
390.0500000000544,klein_bottle,sphere,0.08982002799144082
390.0500000000544,sphere,klein_bottle,1.6754171611069169
390.0500000000544,klein_bottle,sphere,0.08986616978158436
390.0500000000544,sphere,klein_bottle,1.6751321203798497
390.0500000000544,klein_bottle,sphere,0.08991836652285509
390.0500000000544,sphere,klein_bottle,1.6748470796527826
390.0500000000544,klein_bottle,sphere,0.089964509276722
390.0500000000544,sphere,klein_bottle,1.6745620389257154
390.0500000000544,klein_bottle,sphere,0.09000460443568556
390.0500000000544,sphere,klein_bottle,1.6742769981986483
390.0500000000544,klein_bottle,sphere,0.09005073657895202
390.0500000000544,sphere,klein_bottle,1.6739921440165595
390.0500000000544,klein_bottle,sphere,0.09009686778599582
390.0500000000544,sphere,klein_bottle,1.6737071032894923
390.0500000000544,klein_bottle,sphere,0.09014300104485136
390.0500000000544,sphere,klein_bottle,1.6734220625624252
390.0500000000544,klein_bottle,sphere,0.09018913189191131
390.0500000000544,sphere,klein_bottle,1.6731370218353578
390.0500000000544,klein_bottle,sphere,0.09023525438964085
390.0500000000544,sphere,klein_bottle,1.6728521676532693
390.0500000000544,klein_bottle,sphere,0.09028138189175842
390.0500000000544,sphere,klein_bottle,1.6725671269262021
390.0500000000544,klein_bottle,sphere,0.09032749956720877
390.0500000000544,sphere,klein_bottle,1.6722818996541564
390.0500000000544,klein_bottle,sphere,0.09037966326149154
390.0500000000544,sphere,klein_bottle,1.6719970454720676
390.0500000000544,klein_bottle,sphere,0.09043788289777693
390.0500000000544,sphere,klein_bottle,1.6717120047450005
390.0500000000544,klein_bottle,sphere,0.09048401069507991
390.0500000000544,sphere,klein_bottle,1.6714269640179333
390.0500000000544,klein_bottle,sphere,0.09053616178968882
390.0500000000544,sphere,klein_bottle,1.6711419232908662
390.0500000000544,klein_bottle,sphere,0.09058831017044995
390.0500000000544,sphere,klein_bottle,1.670856882563799
390.0500000000544,klein_bottle,sphere,0.0906344244930253
390.0500000000544,sphere,klein_bottle,1.6705718418367317
390.0500000000544,klein_bottle,sphere,0.0906805245312439
390.0500000000544,sphere,klein_bottle,1.6702868011096645
390.0500000000544,klein_bottle,sphere,0.09072662215814413
390.0500000000544,sphere,klein_bottle,1.6700017603825974
390.0500000000544,klein_bottle,sphere,0.090778772008943
390.0500000000544,sphere,klein_bottle,1.6697167196555303
390.0500000000544,klein_bottle,sphere,0.09082487653325748
390.0500000000544,sphere,klein_bottle,1.6694316789284631
390.0500000000544,klein_bottle,sphere,0.09086491837795455
390.0500000000544,sphere,klein_bottle,1.669146638201396
390.0500000000544,klein_bottle,sphere,0.09091101229476757
390.0500000000544,sphere,klein_bottle,1.6688617840193072
390.0500000000544,klein_bottle,sphere,0.09095709935467336
390.0500000000544,sphere,klein_bottle,1.66857674329224
390.0500000000544,klein_bottle,sphere,0.09100318844936679
390.0500000000544,sphere,klein_bottle,1.6682917025651727
390.0500000000544,klein_bottle,sphere,0.0910492751325573
390.0500000000544,sphere,klein_bottle,1.6680066618381055
390.0500000000544,klein_bottle,sphere,0.0910893117645611
390.0500000000544,sphere,klein_bottle,1.667721807656017
390.0500000000544,klein_bottle,sphere,0.09114144869231666
390.0500000000544,sphere,klein_bottle,1.6674367669289496
390.0500000000544,klein_bottle,sphere,0.09119356954419044
390.0500000000544,sphere,klein_bottle,1.6671517262018825
390.0500000000544,klein_bottle,sphere,0.09123964049650522
390.0500000000544,sphere,klein_bottle,1.6668666854748153
390.0500000000544,klein_bottle,sphere,0.09128570903769531
390.0500000000544,sphere,klein_bottle,1.6665816447477482
390.0500000000544,klein_bottle,sphere,0.09133178703604551
390.0500000000544,sphere,klein_bottle,1.666296604020681
390.0500000000544,klein_bottle,sphere,0.09137785075473744
390.0500000000544,sphere,klein_bottle,1.6660115632936139
390.0500000000544,klein_bottle,sphere,0.09141787141604285
390.0500000000544,sphere,klein_bottle,1.6657265225665465
390.0500000000544,klein_bottle,sphere,0.09146393639751445
390.0500000000544,sphere,klein_bottle,1.6654414818394794
390.0500000000544,klein_bottle,sphere,0.09150999896764406
390.0500000000544,sphere,klein_bottle,1.6651564411124122
390.0500000000544,klein_bottle,sphere,0.0915560531930563
390.0500000000544,sphere,klein_bottle,1.664871400385345
390.0500000000544,klein_bottle,sphere,0.09159607683253862
390.0500000000544,sphere,klein_bottle,1.664586359658278
390.0500000000544,klein_bottle,sphere,0.09163002880722972
390.0500000000544,sphere,klein_bottle,1.6643013189312108
390.0500000000544,klein_bottle,sphere,0.09168212192537403
390.0500000000544,sphere,klein_bottle,1.6640162782041434
390.0500000000544,klein_bottle,sphere,0.09172817274207737
390.0500000000544,sphere,klein_bottle,1.6637312374770763
390.0500000000544,klein_bottle,sphere,0.09178026058404103
390.0500000000544,sphere,klein_bottle,1.6634700745072504
390.0500000000544,klein_bottle,sphere,0.09183858356763329
390.0500000000544,sphere,klein_bottle,1.6632089115374245
390.0500000000544,klein_bottle,sphere,0.09189690971913118
390.0500000000544,sphere,klein_bottle,1.6629238708103573
390.0500000000544,klein_bottle,sphere,0.0919489893437303
390.0500000000544,sphere,klein_bottle,1.6626388300832902
390.0500000000544,klein_bottle,sphere,0.09198898854079504
390.0500000000544,sphere,klein_bottle,1.6623537893562228
390.0500000000544,klein_bottle,sphere,0.09204106304060813
390.0500000000544,sphere,klein_bottle,1.6620687486291557
390.0500000000544,klein_bottle,sphere,0.09208709034053482
390.0500000000544,sphere,klein_bottle,1.6617837079020885
390.0500000000544,klein_bottle,sphere,0.09213312709289466
390.0500000000544,sphere,klein_bottle,1.6614986671750214
390.0500000000544,klein_bottle,sphere,0.09216706713522584
390.0500000000544,sphere,klein_bottle,1.6612136264479542
390.0500000000544,klein_bottle,sphere,0.09220704347278398
390.0500000000544,sphere,klein_bottle,1.660928585720887
390.0500000000544,klein_bottle,sphere,0.09224703549584999
390.0500000000544,sphere,klein_bottle,1.6606435449938197
390.0500000000544,klein_bottle,sphere,0.09229908914476183
390.0500000000544,sphere,klein_bottle,1.6603585042667526
390.0500000000544,klein_bottle,sphere,0.09235115194226848
390.0500000000544,sphere,klein_bottle,1.6600734635396854
390.0500000000544,klein_bottle,sphere,0.0923971685992695
390.0500000000544,sphere,klein_bottle,1.6598123005698595
390.0500000000544,klein_bottle,sphere,0.09244941416049866
390.0500000000544,sphere,klein_bottle,1.6595511376000336
390.0500000000544,klein_bottle,sphere,0.09250166316530921
390.0500000000544,sphere,klein_bottle,1.6592660968729664
390.0500000000544,klein_bottle,sphere,0.09253559242215305
390.0500000000544,sphere,klein_bottle,1.6590049339031405
390.0500000000544,klein_bottle,sphere,0.09258178203557373
390.0500000000544,sphere,klein_bottle,1.6587198931760732
390.0500000000544,klein_bottle,sphere,0.09263382964760486
390.0500000000544,sphere,klein_bottle,1.6584583571162905
390.0500000000544,klein_bottle,sphere,0.09268606006340227
390.0500000000544,sphere,klein_bottle,1.6581735029342017
390.0500000000544,klein_bottle,sphere,0.09271394013847474
390.0500000000544,sphere,klein_bottle,1.6579121534193972
390.0500000000544,klein_bottle,sphere,0.09276013118952899
390.0500000000544,sphere,klein_bottle,1.6576509904495713
390.0500000000544,klein_bottle,sphere,0.09280632155079574
390.0500000000544,sphere,klein_bottle,1.6573659497225042
390.0500000000544,klein_bottle,sphere,0.0928523148517765
390.0500000000544,sphere,klein_bottle,1.6571046002076997
390.0500000000544,klein_bottle,sphere,0.09289849324080185
390.0500000000544,sphere,klein_bottle,1.656819746025611
390.0500000000544,klein_bottle,sphere,0.09293845350294146
390.0500000000544,sphere,klein_bottle,1.6565583965108066
390.0500000000544,klein_bottle,sphere,0.09299065128286518
390.0500000000544,sphere,klein_bottle,1.6562735423287178
390.0500000000544,klein_bottle,sphere,0.09303664852419852
390.0500000000544,sphere,klein_bottle,1.656012006268935
390.0500000000544,klein_bottle,sphere,0.093076775074697
390.0500000000544,sphere,klein_bottle,1.655750843299109
390.0500000000544,klein_bottle,sphere,0.09313502613826413
390.0500000000544,sphere,klein_bottle,1.655465802572042
390.0500000000544,klein_bottle,sphere,0.09318100281327436
390.0500000000544,sphere,klein_bottle,1.655204639602216
390.0500000000544,klein_bottle,sphere,0.09322716681730954
390.0500000000544,sphere,klein_bottle,1.6549195988751488
390.0500000000544,klein_bottle,sphere,0.09327918538961501
390.0500000000544,sphere,klein_bottle,1.654658062815366
390.0500000000544,klein_bottle,sphere,0.09333137629811555
390.0500000000544,sphere,klein_bottle,1.6543732086332772
390.0500000000544,klein_bottle,sphere,0.09337130435863682
390.0500000000544,sphere,klein_bottle,1.6541120456634513
390.0500000000544,klein_bottle,sphere,0.09341747103992419
390.0500000000544,sphere,klein_bottle,1.6538506961486468
390.0500000000544,klein_bottle,sphere,0.09346361619625045
390.0500000000544,sphere,klein_bottle,1.6535656554215796
390.0500000000544,klein_bottle,sphere,0.0935035422022733
390.0500000000544,sphere,klein_bottle,1.6533044924517537
390.0500000000544,klein_bottle,sphere,0.09355572434273446
390.0500000000544,sphere,klein_bottle,1.6530194517246866
390.0500000000544,klein_bottle,sphere,0.09359565184497927
390.0500000000544,sphere,klein_bottle,1.652781793422145
390.0500000000544,klein_bottle,sphere,0.09363595543485685
390.0500000000544,sphere,klein_bottle,1.652520630452319
390.0500000000544,klein_bottle,sphere,0.0936941760117291
390.0500000000544,sphere,klein_bottle,1.6522355897252519
390.0500000000544,klein_bottle,sphere,0.09374011848240642
390.0500000000544,sphere,klein_bottle,1.6519981179676886
390.0500000000544,klein_bottle,sphere,0.09379249584554679
390.0500000000544,sphere,klein_bottle,1.6517367684528843
390.0500000000544,klein_bottle,sphere,0.0938325959328777
390.0500000000544,sphere,klein_bottle,1.6514756054830584
390.0500000000544,klein_bottle,sphere,0.09387872856156222
390.0500000000544,sphere,klein_bottle,1.6512379471805168
390.0500000000544,klein_bottle,sphere,0.09392506494205727
390.0500000000544,sphere,klein_bottle,1.6509767842106908
390.0500000000544,klein_bottle,sphere,0.09397723777385088
390.0500000000544,sphere,klein_bottle,1.6507154346958863
390.0500000000544,klein_bottle,sphere,0.09402336219302616
390.0500000000544,sphere,klein_bottle,1.6504779629383233
390.0500000000544,klein_bottle,sphere,0.09406968190587185
390.0500000000544,sphere,klein_bottle,1.6502167999684971
390.0500000000544,klein_bottle,sphere,0.09411580947379694
390.0500000000544,sphere,klein_bottle,1.6499554504536929
390.0500000000544,klein_bottle,sphere,0.09416193921331628
390.0500000000544,sphere,klein_bottle,1.6497179786961296
390.0500000000544,klein_bottle,sphere,0.09420221476905392
390.0500000000544,sphere,klein_bottle,1.6494566291813253
390.0500000000544,klein_bottle,sphere,0.09426040405437809
390.0500000000544,sphere,klein_bottle,1.6491952796665208
390.0500000000544,klein_bottle,sphere,0.09430652119786923
390.0500000000544,sphere,klein_bottle,1.648957994453936
390.0500000000544,klein_bottle,sphere,0.09435886147387149
390.0500000000544,sphere,klein_bottle,1.6486964583941532
390.0500000000544,klein_bottle,sphere,0.0944049726099364
390.0500000000544,sphere,klein_bottle,1.6484352954243273
390.0500000000544,klein_bottle,sphere,0.09445108463261541
390.0500000000544,sphere,klein_bottle,1.6481976371217857
390.0500000000544,klein_bottle,sphere,0.09449135858439389
390.0500000000544,sphere,klein_bottle,1.6479364741519598
390.0500000000544,klein_bottle,sphere,0.09454350340853783
390.0500000000544,sphere,klein_bottle,1.6476753111821338
390.0500000000544,klein_bottle,sphere,0.09458356613459003
390.0500000000544,sphere,klein_bottle,1.6474378394245706
390.0500000000544,klein_bottle,sphere,0.09462382408840717
390.0500000000544,sphere,klein_bottle,1.6471764899097663
390.0500000000544,klein_bottle,sphere,0.09466991806423092
390.0500000000544,sphere,klein_bottle,1.6469149538499834
390.0500000000544,klein_bottle,sphere,0.09471602012337742
390.0500000000544,sphere,klein_bottle,1.6466776686373987
390.0500000000544,klein_bottle,sphere,0.09475627985547443
390.0500000000544,sphere,klein_bottle,1.6464165056675728
390.0500000000544,klein_bottle,sphere,0.0948144413450897
390.0500000000544,sphere,klein_bottle,1.6461551561527683
390.0500000000544,klein_bottle,sphere,0.09485450225183556
390.0500000000544,sphere,klein_bottle,1.6459176843952052
390.0500000000544,klein_bottle,sphere,0.09490681457890025
390.0500000000544,sphere,klein_bottle,1.6456565214253793
390.0500000000544,klein_bottle,sphere,0.09495291468265625
390.0500000000544,sphere,klein_bottle,1.6453949853655965
390.0500000000544,klein_bottle,sphere,0.09499899168987597
390.0500000000544,sphere,klein_bottle,1.6451577001530118
390.0500000000544,klein_bottle,sphere,0.09503923965034868
390.0500000000544,sphere,klein_bottle,1.644896164093229
390.0500000000544,klein_bottle,sphere,0.09508531247460651
390.0500000000544,sphere,klein_bottle,1.644635001123403
390.0500000000544,klein_bottle,sphere,0.09513139805453169
390.0500000000544,sphere,klein_bottle,1.6443973428208614
390.0500000000544,klein_bottle,sphere,0.09517163127213767
390.0500000000544,sphere,klein_bottle,1.6441361798510352
390.0500000000544,klein_bottle,sphere,0.09521167178433017
390.0500000000544,sphere,klein_bottle,1.6438750168812093
390.0500000000544,klein_bottle,sphere,0.09525774519088674
390.0500000000544,sphere,klein_bottle,1.6436375451236462
390.0500000000544,klein_bottle,sphere,0.09530402094227756
390.0500000000544,sphere,klein_bottle,1.6433761956088417
390.0500000000544,klein_bottle,sphere,0.0953621516661701
390.0500000000544,sphere,klein_bottle,1.6431150326390158
390.0500000000544,klein_bottle,sphere,0.0954021720011815
390.0500000000544,sphere,klein_bottle,1.6428773743364742
390.0500000000544,klein_bottle,sphere,0.09545446820614914
390.0500000000544,sphere,klein_bottle,1.6426162113666483
390.0500000000544,klein_bottle,sphere,0.0955065587251081
390.0500000000544,sphere,klein_bottle,1.6423550483968223
390.0500000000544,klein_bottle,sphere,0.09555262458204748
390.0500000000544,sphere,klein_bottle,1.6421173900942807
390.0500000000544,klein_bottle,sphere,0.09559887408629003
390.0500000000544,sphere,klein_bottle,1.6418562271244548
390.0500000000544,klein_bottle,sphere,0.09564492970296451
390.0500000000544,sphere,klein_bottle,1.641594691064672
390.0500000000544,klein_bottle,sphere,0.09568495227520527
390.0500000000544,sphere,klein_bottle,1.6413574058520872
390.0500000000544,klein_bottle,sphere,0.09572517716905053
390.0500000000544,sphere,klein_bottle,1.6410958697923044
390.0500000000544,klein_bottle,sphere,0.09576519004057828
390.0500000000544,sphere,klein_bottle,1.6408347068224785
390.0500000000544,klein_bottle,sphere,0.09581725870554478
390.0500000000544,sphere,klein_bottle,1.6405972350649152
390.0500000000544,klein_bottle,sphere,0.0958695247395147
390.0500000000544,sphere,klein_bottle,1.640335885550111
390.0500000000544,klein_bottle,sphere,0.0959216106530251
390.0500000000544,sphere,klein_bottle,1.640074722580285
390.0500000000544,klein_bottle,sphere,0.09597367197229226
390.0500000000544,sphere,klein_bottle,1.6398372508227217
390.0500000000544,klein_bottle,sphere,0.09601990423546312
390.0500000000544,sphere,klein_bottle,1.6395760878528958
390.0500000000544,klein_bottle,sphere,0.09606594605091358
390.0500000000544,sphere,klein_bottle,1.6393147383380915
390.0500000000544,klein_bottle,sphere,0.09612403704992988
390.0500000000544,sphere,klein_bottle,1.6390770800355499
390.0500000000544,klein_bottle,sphere,0.09617629353388109
390.0500000000544,sphere,klein_bottle,1.638815917065724
390.0500000000544,klein_bottle,sphere,0.09622834870615575
390.0500000000544,sphere,klein_bottle,1.6385547540958978
390.0500000000544,klein_bottle,sphere,0.09628040139272391
390.0500000000544,sphere,klein_bottle,1.6383170957933562
390.0500000000544,klein_bottle,sphere,0.09632662490938428
390.0500000000544,sphere,klein_bottle,1.6380557462785519
390.0500000000544,klein_bottle,sphere,0.09637263955546911
390.0500000000544,sphere,klein_bottle,1.637794583308726
390.0500000000544,klein_bottle,sphere,0.0964307167708587
390.0500000000544,sphere,klein_bottle,1.6375571115511627
390.0500000000544,klein_bottle,sphere,0.09647692946970976
390.0500000000544,sphere,klein_bottle,1.6372957620363584
390.0500000000544,klein_bottle,sphere,0.09652897456204014
390.0500000000544,sphere,klein_bottle,1.637034412521554
390.0500000000544,klein_bottle,sphere,0.09658101124797235
390.0500000000544,sphere,klein_bottle,1.6367971273089692
390.0500000000544,klein_bottle,sphere,0.09663326195952153
390.0500000000544,sphere,klein_bottle,1.636535777794165
390.0500000000544,klein_bottle,sphere,0.09667926285465255
390.0500000000544,sphere,klein_bottle,1.6362744282793604
390.0500000000544,klein_bottle,sphere,0.09673732312226177
390.0500000000544,sphere,klein_bottle,1.6360369565217974
390.0500000000544,klein_bottle,sphere,0.09678955340153175
390.0500000000544,sphere,klein_bottle,1.6357756070069929
390.0500000000544,klein_bottle,sphere,0.09683555326950939
390.0500000000544,sphere,klein_bottle,1.635514444037167
390.0500000000544,klein_bottle,sphere,0.09688758290599508
390.0500000000544,sphere,klein_bottle,1.6352767857346253
390.0500000000544,klein_bottle,sphere,0.09693377444958516
390.0500000000544,sphere,klein_bottle,1.6350156227647994
390.0500000000544,klein_bottle,sphere,0.09697373320112107
390.0500000000544,sphere,klein_bottle,1.6347544597949735
390.0500000000544,klein_bottle,sphere,0.09702574999037138
390.0500000000544,sphere,klein_bottle,1.6345168014924318
390.0500000000544,klein_bottle,sphere,0.09707797108087295
390.0500000000544,sphere,klein_bottle,1.634255638522606
390.0500000000544,klein_bottle,sphere,0.09712998892780107
390.0500000000544,sphere,klein_bottle,1.6339942890078014
390.0500000000544,klein_bottle,sphere,0.09718199677589061
390.0500000000544,sphere,klein_bottle,1.6337568172502384
390.0500000000544,klein_bottle,sphere,0.09723420653423033
390.0500000000544,sphere,klein_bottle,1.6334954677354339
390.0500000000544,klein_bottle,sphere,0.09727415680596355
390.0500000000544,sphere,klein_bottle,1.633234304765608
390.0500000000544,klein_bottle,sphere,0.0973261650982304
390.0500000000544,sphere,klein_bottle,1.6329968330080447
390.0500000000544,klein_bottle,sphere,0.09737836218411096
390.0500000000544,sphere,klein_bottle,1.6327354834932404
390.0500000000544,klein_bottle,sphere,0.09742434102135951
390.0500000000544,sphere,klein_bottle,1.6324741339784359
390.0500000000544,klein_bottle,sphere,0.09748235153077102
390.0500000000544,sphere,klein_bottle,1.6322364756758942
390.0500000000544,klein_bottle,sphere,0.09752852910771304
390.0500000000544,sphere,klein_bottle,1.6319753127060683
390.0500000000544,klein_bottle,sphere,0.0975745027398776
390.0500000000544,sphere,klein_bottle,1.6317141497362424
390.0500000000544,klein_bottle,sphere,0.09762649070202091
390.0500000000544,sphere,klein_bottle,1.6314766779786793
390.0500000000544,klein_bottle,sphere,0.09767264578007187
390.0500000000544,sphere,klein_bottle,1.6312153284638748
390.0500000000544,klein_bottle,sphere,0.0977246451646402
390.0500000000544,sphere,klein_bottle,1.630954165494049
390.0500000000544,klein_bottle,sphere,0.09777059795361383
390.0500000000544,sphere,klein_bottle,1.6307166937364859
390.0500000000544,klein_bottle,sphere,0.09782277452106075
390.0500000000544,sphere,klein_bottle,1.6304553442216814
390.0500000000544,klein_bottle,sphere,0.0978807766523433
390.0500000000544,sphere,klein_bottle,1.6301941812518554
390.0500000000544,klein_bottle,sphere,0.09793877762804026
390.0500000000544,sphere,klein_bottle,1.6299565229493138
390.0500000000544,klein_bottle,sphere,0.09798493563455807
390.0500000000544,sphere,klein_bottle,1.629695359979488
390.0500000000544,klein_bottle,sphere,0.09803087688832138
390.0500000000544,sphere,klein_bottle,1.6294340104646834
390.0500000000544,klein_bottle,sphere,0.09808886864344551
390.0500000000544,sphere,klein_bottle,1.6291965387071203
390.0500000000544,klein_bottle,sphere,0.09812899474592425
390.0500000000544,sphere,klein_bottle,1.6289353757372944
390.0500000000544,klein_bottle,sphere,0.09818095623157122
390.0500000000544,sphere,klein_bottle,1.6286738396775116
390.0500000000544,klein_bottle,sphere,0.09823290608999304
390.0500000000544,sphere,klein_bottle,1.6284363679199483
390.0500000000544,klein_bottle,sphere,0.09828507358996054
390.0500000000544,sphere,klein_bottle,1.628175018405144
390.0500000000544,klein_bottle,sphere,0.09833702020105436
390.0500000000544,sphere,klein_bottle,1.627913855435318
390.0500000000544,klein_bottle,sphere,0.09838295733064294
390.0500000000544,sphere,klein_bottle,1.6276765702227334
390.0500000000544,klein_bottle,sphere,0.09842909925289138
390.0500000000544,sphere,klein_bottle,1.6274152207079289
390.0500000000544,klein_bottle,sphere,0.09848706488458031
390.0500000000544,sphere,klein_bottle,1.6271538711931244
390.0500000000544,klein_bottle,sphere,0.09852696172941744
390.0500000000544,sphere,klein_bottle,1.626916212890583
390.0500000000544,klein_bottle,sphere,0.09857910805947395
390.0500000000544,sphere,klein_bottle,1.6266550499207568
390.0500000000544,klein_bottle,sphere,0.09862502815548169
390.0500000000544,sphere,klein_bottle,1.626393886950931
390.0500000000544,klein_bottle,sphere,0.0986769715901021
390.0500000000544,sphere,klein_bottle,1.6261562286483893
390.0500000000544,klein_bottle,sphere,0.09872309152936676
390.0500000000544,sphere,klein_bottle,1.6258950656785633
390.0500000000544,klein_bottle,sphere,0.0987810496125053
390.0500000000544,sphere,klein_bottle,1.625633716163759
390.0500000000544,klein_bottle,sphere,0.09880888350611525
390.0500000000544,sphere,klein_bottle,1.6253962444061958
390.0500000000544,klein_bottle,sphere,0.09886101807168851
390.0500000000544,sphere,klein_bottle,1.6251587726486327
390.0500000000544,klein_bottle,sphere,0.09890713731099622
390.0500000000544,sphere,klein_bottle,1.6248974231338282
390.0500000000544,klein_bottle,sphere,0.09894099097919737
390.0500000000544,sphere,klein_bottle,1.6246597648312866
390.0500000000544,klein_bottle,sphere,0.0989870929014763
390.0500000000544,sphere,klein_bottle,1.624422479618702
390.0500000000544,klein_bottle,sphere,0.09903922648156745
390.0500000000544,sphere,klein_bottle,1.6241611301038976
390.0500000000544,klein_bottle,sphere,0.09908511745392445
390.0500000000544,sphere,klein_bottle,1.6238997805890931
390.0500000000544,klein_bottle,sphere,0.0991249879060422
390.0500000000544,sphere,klein_bottle,1.62366230883153
390.0500000000544,klein_bottle,sphere,0.09917109504467773
390.0500000000544,sphere,klein_bottle,1.6234009593167256
390.0500000000544,klein_bottle,sphere,0.09920493171187751
390.0500000000544,sphere,klein_bottle,1.6231397963468996
390.0500000000544,klein_bottle,sphere,0.09925082781792932
390.0500000000544,sphere,klein_bottle,1.6229023245893364
390.0500000000544,klein_bottle,sphere,0.09930293494213213
390.0500000000544,sphere,klein_bottle,1.622640975074532
390.0500000000544,klein_bottle,sphere,0.09934881313809169
390.0500000000544,sphere,klein_bottle,1.6224036898619474
390.0500000000544,klein_bottle,sphere,0.09939491169345566
390.0500000000544,sphere,klein_bottle,1.6221660315594058
390.0500000000544,klein_bottle,sphere,0.09944100497290233
390.0500000000544,sphere,klein_bottle,1.6219048685895798
390.0500000000544,klein_bottle,sphere,0.09949289563055093
390.0500000000544,sphere,klein_bottle,1.621643332529797
390.0500000000544,klein_bottle,sphere,0.09953877523804025
390.0500000000544,sphere,klein_bottle,1.6214060473172123
390.0500000000544,klein_bottle,sphere,0.09959087060337621
390.0500000000544,sphere,klein_bottle,1.6211446978024078
390.0500000000544,klein_bottle,sphere,0.09963073053973381
390.0500000000544,sphere,klein_bottle,1.6208833482876035
390.0500000000544,klein_bottle,sphere,0.09967056490232276
390.0500000000544,sphere,klein_bottle,1.6206458765300402
390.0500000000544,klein_bottle,sphere,0.09970461419226748
390.0500000000544,sphere,klein_bottle,1.6203847135602143
390.0500000000544,klein_bottle,sphere,0.09975649127247628
390.0500000000544,sphere,klein_bottle,1.6201233640454098
390.0500000000544,klein_bottle,sphere,0.09980234791876952
390.0500000000544,sphere,klein_bottle,1.6198858922878467
390.0500000000544,klein_bottle,sphere,0.0998544404638941
390.0500000000544,sphere,klein_bottle,1.6196484205302835
390.0500000000544,klein_bottle,sphere,0.09989448681547677
390.0500000000544,sphere,klein_bottle,1.619410762227742
390.0500000000544,klein_bottle,sphere,0.09995258938008286
390.0500000000544,sphere,klein_bottle,1.6191734770151571
390.0500000000544,klein_bottle,sphere,0.09999866110877666
390.0500000000544,sphere,klein_bottle,1.6189358187126157
390.0500000000544,klein_bottle,sphere,0.10004471572245936
390.0500000000544,sphere,klein_bottle,1.6186746557427896
390.0500000000544,klein_bottle,sphere,0.10009056098427525
390.0500000000544,sphere,klein_bottle,1.6184131196830067
390.0500000000544,klein_bottle,sphere,0.10014241614807758
390.0500000000544,sphere,klein_bottle,1.6181756479254437
390.0500000000544,klein_bottle,sphere,0.10019450496696118
390.0500000000544,sphere,klein_bottle,1.6179381761678804
390.0500000000544,klein_bottle,sphere,0.10024055273979453
390.0500000000544,sphere,klein_bottle,1.6177007044103173
390.0500000000544,klein_bottle,sphere,0.10027456845608775
390.0500000000544,sphere,klein_bottle,1.6174630461077757
390.0500000000544,klein_bottle,sphere,0.10032061081557238
390.0500000000544,sphere,klein_bottle,1.6172255743502126
390.0500000000544,klein_bottle,sphere,0.10036063804350723
390.0500000000544,sphere,klein_bottle,1.6169644113803865
390.0500000000544,klein_bottle,sphere,0.10041248312223104
390.0500000000544,sphere,klein_bottle,1.6167032484105606
390.0500000000544,klein_bottle,sphere,0.10045230854198724
390.0500000000544,sphere,klein_bottle,1.616465590108019
390.0500000000544,klein_bottle,sphere,0.10049834279259007
390.0500000000544,sphere,klein_bottle,1.6162281183504559
390.0500000000544,klein_bottle,sphere,0.10055040274665104
390.0500000000544,sphere,klein_bottle,1.6159906465928926
390.0500000000544,klein_bottle,sphere,0.10059643450736296
390.0500000000544,sphere,klein_bottle,1.6157529882903512
390.0500000000544,klein_bottle,sphere,0.10064848841241077
390.0500000000544,sphere,klein_bottle,1.6155157030777663
390.0500000000544,klein_bottle,sphere,0.10069451768661926
390.0500000000544,sphere,klein_bottle,1.6152780447752249
390.0500000000544,klein_bottle,sphere,0.10073452790136629
390.0500000000544,sphere,klein_bottle,1.6150403864726832
390.0500000000544,klein_bottle,sphere,0.10077453635882538
390.0500000000544,sphere,klein_bottle,1.6148031012600985
390.0500000000544,klein_bottle,sphere,0.10082057167740617
390.0500000000544,sphere,klein_bottle,1.6145656295025352
390.0500000000544,klein_bottle,sphere,0.1008665915164813
390.0500000000544,sphere,klein_bottle,1.6143042799877307
390.0500000000544,klein_bottle,sphere,0.10091239691706384
390.0500000000544,sphere,klein_bottle,1.6140431170179048
390.0500000000544,klein_bottle,sphere,0.10096423848170998
390.0500000000544,sphere,klein_bottle,1.6138054587153632
390.0500000000544,klein_bottle,sphere,0.10099820076465614
390.0500000000544,sphere,klein_bottle,1.6135679869578001
390.0500000000544,klein_bottle,sphere,0.10105626179080177
390.0500000000544,sphere,klein_bottle,1.6133305152002368
390.0500000000544,klein_bottle,sphere,0.10109624674385154
390.0500000000544,sphere,klein_bottle,1.6130928568976954
390.0500000000544,klein_bottle,sphere,0.10114226448472943
390.0500000000544,sphere,klein_bottle,1.6128553851401322
390.0500000000544,klein_bottle,sphere,0.10118828188026989
390.0500000000544,sphere,klein_bottle,1.612617913382569
390.0500000000544,klein_bottle,sphere,0.10124029778543854
390.0500000000544,sphere,klein_bottle,1.6123802550800275
390.0500000000544,klein_bottle,sphere,0.10129232157694984
390.0500000000544,sphere,klein_bottle,1.6121429698674428
390.0500000000544,klein_bottle,sphere,0.10133832255129423
390.0500000000544,sphere,klein_bottle,1.6119053115649011
390.0500000000544,klein_bottle,sphere,0.10137830623232724
390.0500000000544,sphere,klein_bottle,1.611644148595075
390.0500000000544,klein_bottle,sphere,0.10143011339405146
390.0500000000544,sphere,klein_bottle,1.6113827990802707
390.0500000000544,klein_bottle,sphere,0.1014758929162744
390.0500000000544,sphere,klein_bottle,1.6111453273227074
390.0500000000544,klein_bottle,sphere,0.1015218958035488
390.0500000000544,sphere,klein_bottle,1.610907669020166
390.0500000000544,klein_bottle,sphere,0.10157389462487781
390.0500000000544,sphere,klein_bottle,1.610670383807581
390.0500000000544,klein_bottle,sphere,0.10162590633877185
390.0500000000544,sphere,klein_bottle,1.6104327255050397
390.0500000000544,klein_bottle,sphere,0.10167188946820523
390.0500000000544,sphere,klein_bottle,1.610195067202498
390.0500000000544,klein_bottle,sphere,0.10172991629838268
390.0500000000544,sphere,klein_bottle,1.6099577819899134
390.0500000000544,klein_bottle,sphere,0.10177589850597507
390.0500000000544,sphere,klein_bottle,1.6097201236873717
390.0500000000544,klein_bottle,sphere,0.10182788615102904
390.0500000000544,sphere,klein_bottle,1.60948246538483
390.0500000000544,klein_bottle,sphere,0.10187988334388733
390.0500000000544,sphere,klein_bottle,1.6092451801722454
390.0500000000544,klein_bottle,sphere,0.10192585927892206
390.0500000000544,sphere,klein_bottle,1.6090075218697037
390.0500000000544,klein_bottle,sphere,0.10197182985273785
390.0500000000544,sphere,klein_bottle,1.6087698635671621
390.0500000000544,klein_bottle,sphere,0.10202983080537252
390.0500000000544,sphere,klein_bottle,1.6085325783545774
390.0500000000544,klein_bottle,sphere,0.10208784441172541
390.0500000000544,sphere,klein_bottle,1.6082949200520358
390.0500000000544,klein_bottle,sphere,0.10213983030121934
390.0500000000544,sphere,klein_bottle,1.608057634839451
390.0500000000544,klein_bottle,sphere,0.10219179367758172
390.0500000000544,sphere,klein_bottle,1.6078199765369094
390.0500000000544,klein_bottle,sphere,0.10223776526021218
390.0500000000544,sphere,klein_bottle,1.6075825047793462
390.0500000000544,klein_bottle,sphere,0.1022837365164273
390.0500000000544,sphere,klein_bottle,1.607345033021783
390.0500000000544,klein_bottle,sphere,0.1023357152994126
390.0500000000544,sphere,klein_bottle,1.6071075612642198
390.0500000000544,klein_bottle,sphere,0.10239370123154336
390.0500000000544,sphere,klein_bottle,1.6068699029616782
390.0500000000544,klein_bottle,sphere,0.10244566187771335
390.0500000000544,sphere,klein_bottle,1.6066326177490935
390.0500000000544,klein_bottle,sphere,0.10249763544213276
390.0500000000544,sphere,klein_bottle,1.6063947729015735
390.0500000000544,klein_bottle,sphere,0.10253756001334118
390.0500000000544,sphere,klein_bottle,1.6061574876889888
390.0500000000544,klein_bottle,sphere,0.10258350860121371
390.0500000000544,sphere,klein_bottle,1.6059198293864472
390.0500000000544,klein_bottle,sphere,0.10263547238981961
390.0500000000544,sphere,klein_bottle,1.6056821710839055
390.0500000000544,klein_bottle,sphere,0.10268142526399868
390.0500000000544,sphere,klein_bottle,1.6054448858713208
390.0500000000544,klein_bottle,sphere,0.1027273795099882
390.0500000000544,sphere,klein_bottle,1.6052072275687792
390.0500000000544,klein_bottle,sphere,0.10277933676854752
390.0500000000544,sphere,klein_bottle,1.6049699423561945
390.0500000000544,klein_bottle,sphere,0.10283128334645278
390.0500000000544,sphere,klein_bottle,1.6047322840536529
390.0500000000544,klein_bottle,sphere,0.10287721613109017
390.0500000000544,sphere,klein_bottle,1.6044948122960898
390.0500000000544,klein_bottle,sphere,0.10293517645201729
390.0500000000544,sphere,klein_bottle,1.6042573405385265
390.0500000000544,klein_bottle,sphere,0.10297511056803317
390.0500000000544,sphere,klein_bottle,1.6040198687809635
390.0500000000544,klein_bottle,sphere,0.10302703486603455
390.0500000000544,sphere,klein_bottle,1.6037823970234002
390.0500000000544,klein_bottle,sphere,0.10307898051130879
390.0500000000544,sphere,klein_bottle,1.6035447387208586
390.0500000000544,klein_bottle,sphere,0.10313093400235601
390.0500000000544,sphere,klein_bottle,1.603307080418317
390.0500000000544,klein_bottle,sphere,0.10318886902130149
390.0500000000544,sphere,klein_bottle,1.6030697952057322
390.0500000000544,klein_bottle,sphere,0.10323480219166241
390.0500000000544,sphere,klein_bottle,1.6028321369031906
390.0500000000544,klein_bottle,sphere,0.10328672529664476
390.0500000000544,sphere,klein_bottle,1.602594851690606
390.0500000000544,klein_bottle,sphere,0.10333866134456576
390.0500000000544,sphere,klein_bottle,1.6023571933880643
390.0500000000544,klein_bottle,sphere,0.10337856614836999
390.0500000000544,sphere,klein_bottle,1.6021195350855226
390.0500000000544,klein_bottle,sphere,0.10341846919546249
390.0500000000544,sphere,klein_bottle,1.601882249872938
390.0500000000544,klein_bottle,sphere,0.10347038716993288
390.0500000000544,sphere,klein_bottle,1.6016445915703963
390.0500000000544,klein_bottle,sphere,0.10351631656734221
390.0500000000544,sphere,klein_bottle,1.6014069332678547
390.0500000000544,klein_bottle,sphere,0.10356822674148758
390.0500000000544,sphere,klein_bottle,1.60116964805527
390.0500000000544,klein_bottle,sphere,0.10361414360547637
390.0500000000544,sphere,klein_bottle,1.6009319897527283
390.0500000000544,klein_bottle,sphere,0.10366603758617746
390.0500000000544,sphere,klein_bottle,1.6006945179951653
390.0500000000544,klein_bottle,sphere,0.10371795461356619
390.0500000000544,sphere,klein_bottle,1.600457046237602
390.0500000000544,klein_bottle,sphere,0.1037638516987437
390.0500000000544,sphere,klein_bottle,1.6002193879350606
390.0500000000544,klein_bottle,sphere,0.10380975686704397
390.0500000000544,sphere,klein_bottle,1.5999821027224757
390.0500000000544,klein_bottle,sphere,0.10386166907779863
390.0500000000544,sphere,klein_bottle,1.5997444444199342
390.0500000000544,klein_bottle,sphere,0.10390755830500154
390.0500000000544,sphere,klein_bottle,1.5995067861173926
390.0500000000544,klein_bottle,sphere,0.10394744014373075
390.0500000000544,sphere,klein_bottle,1.599269500904808
390.0500000000544,klein_bottle,sphere,0.103993328904191
390.0500000000544,sphere,klein_bottle,1.5990318426022663
390.0500000000544,klein_bottle,sphere,0.104039212233395
390.0500000000544,sphere,klein_bottle,1.598794370844703
390.0500000000544,klein_bottle,sphere,0.10408510706549169
390.0500000000544,sphere,klein_bottle,1.59855689908714
390.0500000000544,klein_bottle,sphere,0.1041309998901873
390.0500000000544,sphere,klein_bottle,1.5983192407845983
390.0500000000544,klein_bottle,sphere,0.1041828937427276
390.0500000000544,sphere,klein_bottle,1.5980819555720136
390.0500000000544,klein_bottle,sphere,0.10422876054838665
390.0500000000544,sphere,klein_bottle,1.597844297269472
390.0500000000544,klein_bottle,sphere,0.1042806500074235
390.0500000000544,sphere,klein_bottle,1.5976068255119087
390.0500000000544,klein_bottle,sphere,0.10432653455061609
390.0500000000544,sphere,klein_bottle,1.5973693537543456
390.0500000000544,klein_bottle,sphere,0.10437240529030184
390.0500000000544,sphere,klein_bottle,1.597131695451804
390.0500000000544,klein_bottle,sphere,0.10441828409963728
390.0500000000544,sphere,klein_bottle,1.5968940371492624
390.0500000000544,klein_bottle,sphere,0.10445814510923285
390.0500000000544,sphere,klein_bottle,1.5966567519366777
390.0500000000544,klein_bottle,sphere,0.1044979960085389
390.0500000000544,sphere,klein_bottle,1.5964192801791144
390.0500000000544,klein_bottle,sphere,0.10454387076704702
390.0500000000544,sphere,klein_bottle,1.5961818084215513
390.0500000000544,klein_bottle,sphere,0.10458973172334056
390.0500000000544,sphere,klein_bottle,1.5959441501190097
390.0500000000544,klein_bottle,sphere,0.10463560074437503
390.0500000000544,sphere,klein_bottle,1.5957066783614464
390.0500000000544,klein_bottle,sphere,0.10468145768608357
390.0500000000544,sphere,klein_bottle,1.5954692066038834
390.0500000000544,klein_bottle,sphere,0.10473332765525252
390.0500000000544,sphere,klein_bottle,1.59523173484632
390.0500000000544,klein_bottle,sphere,0.10478518357152962
390.0500000000544,sphere,klein_bottle,1.594994263088757
390.0500000000544,klein_bottle,sphere,0.10483706081674002
390.0500000000544,sphere,klein_bottle,1.5947566047862154
390.0500000000544,klein_bottle,sphere,0.10489491335053285
390.0500000000544,sphere,klein_bottle,1.5945193195736307
390.0500000000544,klein_bottle,sphere,0.10492274135308241
390.0500000000544,sphere,klein_bottle,1.594281661271089
390.0500000000544,klein_bottle,sphere,0.10496859606630037
390.0500000000544,sphere,klein_bottle,1.5940440029685474
390.0500000000544,klein_bottle,sphere,0.10501442518536132
390.0500000000544,sphere,klein_bottle,1.5938065312109844
390.0500000000544,klein_bottle,sphere,0.1050602776119951
390.0500000000544,sphere,klein_bottle,1.593569059453421
390.0500000000544,klein_bottle,sphere,0.10510612803146664
390.0500000000544,sphere,klein_bottle,1.5933314011508795
390.0500000000544,klein_bottle,sphere,0.10515196291983758
390.0500000000544,sphere,klein_bottle,1.5930941159382948
390.0500000000544,klein_bottle,sphere,0.10519179728424619
390.0500000000544,sphere,klein_bottle,1.5928564576357531
390.0500000000544,klein_bottle,sphere,0.10524364193053119
390.0500000000544,sphere,klein_bottle,1.5926187993332115
390.0500000000544,klein_bottle,sphere,0.10529547252501201
390.0500000000544,sphere,klein_bottle,1.5923815141206268
390.0500000000544,klein_bottle,sphere,0.1053413145173932
390.0500000000544,sphere,klein_bottle,1.5921438558180852
390.0500000000544,klein_bottle,sphere,0.10538113776380037
390.0500000000544,sphere,klein_bottle,1.5919065706055004
390.0500000000544,klein_bottle,sphere,0.10542697586957353
390.0500000000544,sphere,klein_bottle,1.5916689123029588
390.0500000000544,klein_bottle,sphere,0.10547278491441693
390.0500000000544,sphere,klein_bottle,1.5914314405453958
